Parameters: 13,384,746
         	|     Train     |      Test     |
         	| Top-1 | Top-3 | Top-1 | Top-3 |
[1/610] 	| 13.09 | 37.93 | 14.48 | 39.98 |
[2/610] 	| 16.28 | 43.87 | 21.33 | 50.10 |
[3/610] 	| 20.84 | 52.85 | 24.21 | 58.93 |
[4/610] 	| 23.38 | 56.81 | 26.09 | 58.73 |
[5/610] 	| 25.50 | 59.15 | 24.31 | 60.81 |
[6/610] 	| 26.79 | 61.61 | 28.17 | 63.69 |
[7/610] 	| 27.67 | 63.10 | 29.66 | 63.29 |
[8/610] 	| 29.63 | 64.02 | 32.14 | 65.77 |
[9/610] 	| 30.38 | 64.40 | 32.44 | 67.36 |
[10/610] 	| 31.64 | 65.84 | 33.13 | 64.88 |
[11/610] 	| 32.30 | 66.79 | 27.98 | 63.89 |
[12/610] 	| 33.74 | 67.65 | 38.00 | 69.64 |
[13/610] 	| 34.88 | 68.96 | 37.30 | 70.93 |
[14/610] 	| 34.79 | 69.45 | 36.21 | 69.84 |
[15/610] 	| 35.30 | 70.00 | 37.70 | 70.34 |
[16/610] 	| 36.49 | 70.28 | 36.81 | 71.73 |
[17/610] 	| 35.88 | 70.66 | 40.48 | 72.12 |
[18/610] 	| 37.91 | 71.67 | 37.80 | 70.73 |
[19/610] 	| 37.93 | 72.13 | 34.62 | 69.54 |
[20/610] 	| 39.39 | 72.48 | 41.07 | 73.21 |
[21/610] 	| 38.72 | 73.10 | 38.69 | 72.62 |
[22/610] 	| 39.95 | 73.83 | 34.42 | 69.35 |
[23/610] 	| 39.89 | 73.63 | 38.69 | 72.22 |
[24/610] 	| 40.67 | 73.33 | 41.67 | 73.71 |
[25/610] 	| 41.10 | 74.35 | 40.58 | 73.61 |
[26/610] 	| 41.53 | 74.30 | 38.39 | 72.72 |
[27/610] 	| 41.37 | 75.50 | 41.07 | 73.31 |
[28/610] 	| 42.09 | 75.86 | 39.88 | 74.80 |
[29/610] 	| 42.29 | 75.38 | 43.85 | 74.21 |
[30/610] 	| 42.56 | 75.52 | 44.94 | 75.40 |
[31/610] 	| 43.51 | 76.02 | 42.16 | 75.30 |
[32/610] 	| 43.10 | 76.65 | 44.44 | 77.18 |
[33/610] 	| 43.39 | 76.43 | 43.55 | 76.49 |
[34/610] 	| 43.78 | 76.77 | 41.57 | 77.18 |
[35/610] 	| 43.32 | 76.52 | 42.56 | 75.00 |
[36/610] 	| 44.67 | 76.58 | 43.65 | 76.29 |
[37/610] 	| 45.15 | 77.07 | 44.94 | 75.00 |
[38/610] 	| 44.27 | 77.34 | 43.15 | 74.80 |
[39/610] 	| 43.69 | 77.20 | 41.96 | 74.31 |
[40/610] 	| 44.88 | 77.30 | 45.44 | 78.77 |
[41/610] 	| 45.02 | 77.98 | 46.23 | 76.98 |
[42/610] 	| 46.29 | 77.20 | 46.33 | 76.19 |
[43/610] 	| 45.33 | 77.77 | 42.06 | 77.98 |
[44/610] 	| 46.09 | 78.21 | 47.02 | 78.47 |
[45/610] 	| 46.16 | 78.06 | 44.84 | 77.88 |
[46/610] 	| 46.00 | 77.52 | 48.51 | 79.07 |
[47/610] 	| 47.13 | 78.69 | 47.72 | 77.88 |
[48/610] 	| 46.37 | 78.45 | 46.83 | 76.98 |
[49/610] 	| 46.45 | 78.63 | 43.65 | 76.49 |
[50/610] 	| 48.08 | 79.18 | 46.83 | 80.26 |
[51/610] 	| 47.36 | 79.04 | 47.92 | 78.47 |
[52/610] 	| 48.21 | 78.98 | 49.31 | 78.67 |
[53/610] 	| 48.20 | 79.70 | 45.93 | 79.46 |
[54/610] 	| 47.82 | 78.71 | 46.73 | 78.17 |
[55/610] 	| 48.82 | 79.33 | 48.51 | 78.97 |
[56/610] 	| 48.32 | 79.01 | 48.12 | 80.56 |
[57/610] 	| 48.69 | 79.74 | 48.71 | 79.37 |
[58/610] 	| 49.70 | 80.32 | 46.92 | 78.67 |
[59/610] 	| 49.20 | 79.34 | 49.60 | 79.46 |
[60/610] 	| 50.00 | 79.95 | 49.50 | 78.97 |
[61/610] 	| 50.66 | 80.10 | 52.88 | 79.66 |
[62/610] 	| 50.57 | 80.55 | 48.12 | 78.77 |
[63/610] 	| 50.41 | 80.85 | 51.39 | 79.56 |
[64/610] 	| 50.93 | 80.26 | 51.79 | 79.96 |
[65/610] 	| 50.97 | 80.45 | 50.60 | 79.07 |
[66/610] 	| 51.56 | 80.84 | 50.30 | 79.07 |
[67/610] 	| 52.32 | 81.55 | 52.08 | 82.44 |
[68/610] 	| 52.47 | 81.71 | 52.78 | 81.25 |
[69/610] 	| 52.45 | 81.35 | 51.69 | 80.85 |
[70/610] 	| 51.87 | 80.98 | 54.17 | 81.94 |
[71/610] 	| 52.77 | 82.23 | 50.99 | 80.26 |
[72/610] 	| 52.48 | 81.55 | 54.86 | 79.66 |
[73/610] 	| 53.36 | 81.91 | 52.28 | 80.75 |
[74/610] 	| 53.53 | 82.40 | 53.08 | 82.04 |
[75/610] 	| 53.56 | 82.63 | 50.30 | 78.87 |
[76/610] 	| 55.22 | 83.29 | 55.75 | 82.44 |
[77/610] 	| 55.04 | 83.25 | 53.87 | 82.34 |
[78/610] 	| 55.76 | 83.60 | 53.67 | 80.65 |
[79/610] 	| 55.68 | 83.47 | 54.56 | 81.65 |
[80/610] 	| 55.66 | 83.64 | 54.17 | 80.75 |
[81/610] 	| 55.75 | 83.87 | 54.96 | 82.34 |
[82/610] 	| 56.61 | 83.65 | 58.43 | 82.74 |
[83/610] 	| 57.26 | 84.44 | 54.96 | 83.63 |
[84/610] 	| 57.12 | 83.95 | 56.85 | 82.74 |
[85/610] 	| 58.31 | 85.36 | 55.26 | 82.34 |
[86/610] 	| 57.30 | 84.13 | 55.85 | 82.04 |
[87/610] 	| 57.84 | 85.39 | 58.33 | 82.94 |
[88/610] 	| 57.24 | 84.72 | 55.95 | 82.74 |
[89/610] 	| 57.63 | 84.91 | 54.56 | 80.65 |
[90/610] 	| 58.27 | 85.31 | 56.05 | 83.53 |
[91/610] 	| 59.39 | 85.70 | 58.33 | 83.23 |
[92/610] 	| 58.99 | 85.72 | 55.65 | 83.04 |
[93/610] 	| 59.12 | 85.88 | 56.85 | 83.23 |
[94/610] 	| 58.27 | 84.39 | 56.94 | 83.23 |
[95/610] 	| 59.36 | 85.41 | 56.35 | 84.33 |
[96/610] 	| 59.74 | 85.62 | 59.03 | 83.83 |
[97/610] 	| 60.50 | 85.83 | 59.72 | 84.82 |
[98/610] 	| 60.56 | 85.98 | 58.33 | 84.92 |
[99/610] 	| 60.02 | 86.02 | 60.22 | 84.72 |
[100/610] 	| 60.65 | 85.83 | 58.83 | 83.63 |
[101/610] 	| 61.22 | 86.61 | 57.94 | 84.33 |
[102/610] 	| 61.15 | 86.45 | 60.52 | 85.42 |
[103/610] 	| 61.57 | 87.14 | 59.92 | 83.83 |
[104/610] 	| 61.41 | 87.27 | 58.83 | 85.12 |
[105/610] 	| 62.24 | 86.99 | 60.52 | 85.42 |
[106/610] 	| 61.82 | 87.21 | 59.13 | 84.42 |
[107/610] 	| 62.19 | 87.14 | 57.54 | 83.73 |
[108/610] 	| 62.89 | 87.24 | 60.22 | 84.72 |
[109/610] 	| 62.70 | 86.93 | 61.41 | 85.32 |
[110/610] 	| 63.25 | 87.50 | 59.42 | 83.83 |
[111/610] 	| 63.03 | 87.54 | 60.12 | 84.52 |
[112/610] 	| 63.43 | 87.86 | 63.00 | 86.01 |
[113/610] 	| 63.62 | 87.88 | 61.31 | 85.12 |
[114/610] 	| 63.85 | 87.94 | 61.51 | 86.11 |
[115/610] 	| 63.60 | 87.76 | 61.11 | 87.20 |
[116/610] 	| 64.20 | 88.12 | 60.62 | 86.01 |
[117/610] 	| 63.65 | 87.84 | 61.90 | 85.32 |
[118/610] 	| 64.46 | 88.60 | 61.21 | 86.81 |
[119/610] 	| 64.79 | 88.40 | 62.10 | 84.13 |
[120/610] 	| 63.68 | 88.00 | 62.40 | 86.71 |
[121/610] 	| 64.98 | 88.46 | 59.92 | 86.51 |
[122/610] 	| 65.01 | 88.85 | 61.71 | 85.91 |
[123/610] 	| 65.00 | 89.12 | 63.19 | 85.71 |
[124/610] 	| 64.98 | 88.68 | 62.30 | 86.90 |
[125/610] 	| 65.48 | 88.36 | 62.60 | 86.01 |
[126/610] 	| 65.69 | 89.32 | 62.20 | 84.92 |
[127/610] 	| 66.88 | 89.42 | 62.80 | 85.62 |
[128/610] 	| 66.21 | 89.00 | 59.33 | 84.03 |
[129/610] 	| 65.87 | 89.37 | 62.70 | 85.81 |
[130/610] 	| 66.85 | 89.54 | 62.20 | 86.71 |
[131/610] 	| 66.73 | 89.62 | 62.10 | 86.90 |
[132/610] 	| 66.34 | 89.97 | 63.00 | 86.71 |
[133/610] 	| 67.03 | 90.36 | 61.90 | 87.50 |
[134/610] 	| 67.27 | 89.75 | 64.88 | 87.60 |
[135/610] 	| 67.94 | 90.08 | 61.51 | 85.91 |
[136/610] 	| 67.48 | 89.58 | 62.90 | 85.62 |
[137/610] 	| 67.25 | 90.02 | 61.51 | 87.20 |
[138/610] 	| 67.40 | 90.19 | 61.21 | 86.51 |
[139/610] 	| 68.12 | 90.42 | 62.10 | 87.00 |
[140/610] 	| 67.50 | 90.66 | 64.09 | 87.90 |
[141/610] 	| 67.85 | 90.36 | 63.49 | 87.70 |
[142/610] 	| 67.97 | 90.55 | 64.98 | 87.90 |
[143/610] 	| 68.68 | 90.99 | 62.90 | 87.70 |
[144/610] 	| 68.26 | 90.42 | 63.19 | 85.42 |
[145/610] 	| 69.05 | 90.64 | 62.10 | 86.31 |
[146/610] 	| 68.98 | 91.18 | 62.50 | 86.71 |
[147/610] 	| 68.45 | 91.41 | 63.79 | 85.52 |
[148/610] 	| 69.48 | 91.09 | 63.19 | 89.38 |
[149/610] 	| 69.63 | 91.21 | 62.80 | 86.31 |
[150/610] 	| 68.79 | 91.18 | 65.38 | 88.10 |
[151/610] 	| 69.64 | 90.84 | 63.10 | 86.51 |
[152/610] 	| 70.07 | 91.36 | 64.88 | 87.40 |
[153/610] 	| 69.73 | 91.36 | 62.40 | 86.11 |
[154/610] 	| 70.21 | 91.41 | 64.38 | 87.30 |
[155/610] 	| 69.94 | 91.87 | 63.89 | 87.50 |
[156/610] 	| 69.65 | 91.60 | 65.87 | 89.09 |
[157/610] 	| 71.03 | 91.85 | 63.39 | 86.71 |
[158/610] 	| 70.15 | 91.58 | 63.69 | 85.71 |
[159/610] 	| 70.56 | 92.46 | 65.58 | 86.90 |
[160/610] 	| 71.62 | 91.97 | 64.38 | 87.20 |
[161/610] 	| 70.71 | 92.04 | 63.79 | 87.90 |
[162/610] 	| 71.56 | 92.03 | 63.10 | 88.10 |
[163/610] 	| 71.35 | 92.30 | 64.68 | 87.60 |
[164/610] 	| 70.93 | 92.19 | 65.87 | 88.69 |
[165/610] 	| 72.33 | 92.40 | 64.68 | 88.00 |
[166/610] 	| 72.12 | 92.13 | 68.95 | 88.79 |
[167/610] 	| 71.61 | 92.20 | 64.19 | 87.20 |
[168/610] 	| 72.06 | 92.95 | 62.10 | 86.81 |
[169/610] 	| 72.54 | 92.67 | 64.48 | 86.90 |
[170/610] 	| 72.40 | 92.82 | 63.49 | 87.00 |
[171/610] 	| 72.49 | 92.96 | 65.87 | 88.29 |
[172/610] 	| 72.63 | 92.52 | 64.09 | 87.20 |
[173/610] 	| 73.06 | 92.59 | 65.48 | 87.80 |
[174/610] 	| 73.02 | 93.29 | 64.38 | 87.00 |
[175/610] 	| 74.05 | 93.37 | 64.38 | 89.09 |
[176/610] 	| 73.28 | 93.17 | 64.09 | 88.69 |
[177/610] 	| 72.86 | 93.13 | 64.78 | 87.80 |
[178/610] 	| 73.21 | 93.08 | 65.87 | 88.59 |
[179/610] 	| 72.05 | 92.32 | 64.98 | 88.79 |
[180/610] 	| 72.96 | 93.05 | 62.70 | 87.30 |
[181/610] 	| 73.81 | 93.82 | 63.79 | 89.58 |
[182/610] 	| 74.48 | 93.91 | 65.48 | 88.59 |
[183/610] 	| 74.24 | 93.29 | 66.77 | 89.78 |
[184/610] 	| 74.94 | 93.38 | 67.16 | 89.48 |
[185/610] 	| 74.24 | 93.48 | 65.48 | 88.79 |
[186/610] 	| 75.09 | 93.77 | 67.06 | 89.58 |
[187/610] 	| 74.74 | 93.87 | 64.48 | 88.29 |
[188/610] 	| 75.30 | 94.21 | 64.09 | 88.10 |
[189/610] 	| 74.66 | 93.76 | 65.38 | 88.29 |
[190/610] 	| 74.87 | 93.75 | 66.27 | 87.50 |
[191/610] 	| 74.80 | 94.23 | 63.99 | 87.60 |
[192/610] 	| 75.42 | 94.11 | 65.77 | 88.99 |
[193/610] 	| 75.63 | 94.16 | 68.65 | 88.79 |
[194/610] 	| 75.63 | 94.12 | 65.48 | 87.80 |
[195/610] 	| 75.28 | 94.21 | 67.36 | 88.69 |
[196/610] 	| 75.68 | 93.97 | 66.27 | 88.89 |
[197/610] 	| 76.22 | 94.57 | 66.87 | 87.90 |
[198/610] 	| 76.26 | 94.36 | 66.27 | 88.49 |
[199/610] 	| 76.38 | 94.62 | 66.87 | 89.38 |
[200/610] 	| 76.38 | 94.71 | 66.57 | 88.19 |
[201/610] 	| 76.32 | 94.76 | 67.46 | 89.09 |
[202/610] 	| 76.36 | 94.51 | 63.59 | 89.19 |
[203/610] 	| 76.50 | 94.71 | 64.68 | 89.29 |
[204/610] 	| 76.59 | 94.84 | 66.77 | 89.38 |
[205/610] 	| 76.10 | 94.53 | 67.96 | 89.38 |
[206/610] 	| 77.11 | 94.76 | 65.28 | 90.38 |
[207/610] 	| 76.95 | 94.65 | 67.16 | 90.08 |
[208/610] 	| 76.90 | 94.82 | 68.15 | 89.98 |
[209/610] 	| 77.11 | 94.66 | 65.87 | 89.98 |
[210/610] 	| 76.82 | 94.87 | 67.06 | 89.98 |
[211/610] 	| 77.91 | 94.85 | 65.18 | 88.79 |
[212/610] 	| 77.95 | 95.23 | 69.15 | 89.09 |
[213/610] 	| 77.52 | 95.55 | 65.38 | 89.38 |
[214/610] 	| 78.16 | 95.45 | 66.07 | 89.09 |
[215/610] 	| 78.99 | 95.47 | 64.09 | 88.59 |
[216/610] 	| 78.17 | 95.64 | 67.46 | 89.29 |
[217/610] 	| 78.02 | 95.66 | 67.66 | 88.29 |
[218/610] 	| 78.64 | 95.35 | 65.97 | 87.90 |
[219/610] 	| 78.73 | 95.62 | 65.97 | 89.29 |
[220/610] 	| 78.90 | 95.65 | 65.77 | 89.88 |
[221/610] 	| 78.38 | 95.91 | 66.37 | 89.68 |
[222/610] 	| 78.93 | 95.22 | 65.18 | 89.29 |
[223/610] 	| 79.03 | 95.45 | 67.26 | 88.49 |
[224/610] 	| 79.59 | 96.10 | 66.27 | 88.10 |
[225/610] 	| 78.97 | 95.72 | 65.77 | 88.89 |
[226/610] 	| 78.61 | 95.21 | 65.18 | 88.49 |
[227/610] 	| 79.56 | 96.12 | 65.58 | 89.58 |
[228/610] 	| 79.66 | 95.82 | 66.47 | 89.58 |
[229/610] 	| 80.04 | 96.12 | 65.18 | 89.78 |
[230/610] 	| 79.94 | 96.15 | 66.47 | 88.39 |
[231/610] 	| 80.54 | 96.03 | 65.87 | 89.98 |
[232/610] 	| 80.39 | 95.77 | 65.77 | 88.29 |
[233/610] 	| 80.49 | 96.17 | 65.67 | 88.10 |
[234/610] 	| 81.04 | 96.09 | 66.87 | 89.78 |
[235/610] 	| 79.96 | 96.11 | 66.07 | 89.48 |
[236/610] 	| 80.20 | 96.25 | 68.15 | 91.27 |
[237/610] 	| 80.49 | 96.12 | 64.78 | 88.79 |
[238/610] 	| 80.25 | 95.97 | 67.66 | 90.08 |
[239/610] 	| 81.24 | 96.35 | 66.87 | 88.10 |
[240/610] 	| 81.04 | 96.33 | 66.87 | 88.79 |
[241/610] 	| 81.97 | 96.79 | 63.99 | 88.99 |
[242/610] 	| 81.66 | 96.63 | 64.98 | 89.38 |
[243/610] 	| 80.49 | 96.16 | 64.98 | 88.99 |
[244/610] 	| 80.47 | 96.19 | 64.09 | 89.78 |
[245/610] 	| 82.14 | 96.66 | 67.46 | 89.88 |
[246/610] 	| 81.48 | 96.76 | 67.46 | 89.29 |
[247/610] 	| 81.18 | 96.74 | 65.48 | 89.38 |
[248/610] 	| 81.63 | 96.25 | 66.96 | 89.19 |
[249/610] 	| 81.92 | 96.70 | 67.86 | 88.39 |
[250/610] 	| 82.64 | 96.92 | 65.97 | 88.99 |
[251/610] 	| 82.08 | 97.06 | 68.15 | 89.88 |
[252/610] 	| 82.25 | 97.13 | 69.15 | 89.48 |
[253/610] 	| 82.64 | 96.98 | 67.46 | 89.78 |
[254/610] 	| 82.86 | 96.95 | 67.06 | 88.39 |
[255/610] 	| 82.43 | 97.00 | 67.16 | 90.97 |
[256/610] 	| 82.43 | 96.76 | 66.47 | 89.09 |
[257/610] 	| 82.82 | 96.80 | 66.57 | 89.68 |
[258/610] 	| 82.68 | 97.29 | 67.66 | 90.87 |
[259/610] 	| 83.25 | 96.93 | 66.37 | 87.60 |
[260/610] 	| 83.10 | 96.89 | 69.15 | 89.78 |
[261/610] 	| 82.63 | 97.12 | 66.27 | 89.78 |
[262/610] 	| 83.34 | 97.04 | 65.18 | 89.48 |
[263/610] 	| 84.00 | 97.30 | 66.87 | 89.58 |
[264/610] 	| 83.29 | 97.25 | 64.98 | 88.49 |
[265/610] 	| 84.03 | 97.45 | 65.77 | 89.38 |
[266/610] 	| 84.52 | 97.00 | 65.77 | 88.19 |
[267/610] 	| 83.97 | 97.28 | 66.27 | 88.69 |
[268/610] 	| 83.43 | 97.20 | 66.37 | 89.68 |
[269/610] 	| 83.85 | 97.14 | 66.47 | 89.78 |
[270/610] 	| 84.86 | 97.50 | 66.17 | 88.89 |
[271/610] 	| 83.74 | 97.24 | 68.15 | 88.69 |
[272/610] 	| 83.64 | 97.30 | 66.27 | 89.48 |
[273/610] 	| 84.05 | 97.44 | 67.16 | 89.09 |
[274/610] 	| 83.89 | 97.48 | 67.16 | 89.09 |
[275/610] 	| 84.36 | 97.42 | 67.66 | 89.38 |
[276/610] 	| 84.62 | 97.58 | 67.66 | 89.68 |
[277/610] 	| 84.76 | 97.45 | 66.87 | 89.38 |
[278/610] 	| 84.82 | 97.50 | 64.88 | 90.77 |
[279/610] 	| 84.85 | 97.64 | 65.28 | 88.89 |
[280/610] 	| 84.43 | 97.61 | 65.38 | 89.68 |
[281/610] 	| 84.81 | 97.58 | 64.58 | 88.79 |
[282/610] 	| 85.45 | 97.65 | 67.06 | 88.00 |
[283/610] 	| 85.72 | 97.70 | 65.77 | 89.88 |
[284/610] 	| 85.64 | 97.71 | 65.97 | 88.79 |
[285/610] 	| 85.87 | 97.85 | 66.87 | 90.67 |
[286/610] 	| 85.05 | 97.68 | 68.55 | 88.39 |
[287/610] 	| 85.92 | 97.78 | 66.77 | 88.29 |
[288/610] 	| 85.85 | 97.65 | 65.08 | 88.79 |
[289/610] 	| 85.83 | 97.73 | 67.06 | 89.19 |
[290/610] 	| 85.79 | 97.61 | 67.76 | 89.58 |
[291/610] 	| 86.39 | 98.09 | 69.35 | 89.88 |
[292/610] 	| 85.45 | 97.53 | 67.46 | 89.09 |
[293/610] 	| 85.31 | 97.69 | 66.17 | 89.98 |
[294/610] 	| 86.70 | 98.18 | 68.65 | 90.67 |
[295/610] 	| 85.64 | 97.65 | 67.36 | 89.68 |
[296/610] 	| 87.03 | 98.21 | 67.16 | 89.58 |
[297/610] 	| 86.15 | 97.74 | 66.67 | 89.88 |
[298/610] 	| 86.20 | 98.06 | 66.27 | 88.29 |
[299/610] 	| 86.59 | 97.95 | 67.26 | 88.59 |
[300/610] 	| 86.87 | 97.83 | 66.77 | 89.68 |
[301/610] 	| 86.28 | 97.73 | 66.96 | 90.08 |
[302/610] 	| 86.10 | 97.71 | 70.04 | 88.69 |
[303/610] 	| 86.48 | 97.86 | 67.86 | 89.48 |
[304/610] 	| 86.93 | 98.10 | 65.87 | 88.49 |
[305/610] 	| 87.74 | 98.30 | 68.06 | 89.19 |
[306/610] 	| 86.61 | 98.10 | 68.06 | 88.79 |
[307/610] 	| 87.29 | 98.33 | 66.37 | 88.59 |
[308/610] 	| 87.30 | 98.23 | 65.87 | 87.40 |
[309/610] 	| 86.91 | 98.15 | 66.27 | 88.39 |
[310/610] 	| 87.69 | 98.43 | 67.06 | 89.78 |
[311/610] 	| 87.90 | 98.27 | 67.96 | 89.68 |
[312/610] 	| 87.50 | 98.12 | 67.36 | 90.38 |
[313/610] 	| 88.47 | 98.02 | 67.56 | 88.69 |
[314/610] 	| 87.58 | 98.29 | 65.28 | 88.59 |
[315/610] 	| 87.81 | 98.06 | 66.37 | 88.99 |
[316/610] 	| 87.74 | 98.24 | 66.77 | 89.38 |
[317/610] 	| 87.73 | 98.33 | 66.47 | 89.09 |
[318/610] 	| 87.67 | 98.08 | 64.38 | 89.98 |
[319/610] 	| 88.25 | 98.25 | 66.77 | 89.29 |
[320/610] 	| 87.70 | 98.21 | 66.87 | 88.99 |
[321/610] 	| 88.62 | 98.65 | 66.87 | 89.98 |
[322/610] 	| 88.55 | 98.51 | 67.66 | 89.48 |
[323/610] 	| 88.78 | 98.85 | 65.77 | 88.99 |
[324/610] 	| 88.86 | 98.59 | 66.57 | 88.69 |
[325/610] 	| 88.60 | 98.63 | 68.15 | 89.78 |
[326/610] 	| 88.92 | 98.62 | 66.47 | 88.19 |
[327/610] 	| 88.02 | 98.29 | 66.47 | 88.59 |
[328/610] 	| 88.62 | 98.43 | 66.37 | 88.39 |
[329/610] 	| 89.25 | 98.44 | 66.77 | 89.29 |
[330/610] 	| 89.07 | 98.50 | 65.08 | 89.98 |
[331/610] 	| 88.67 | 98.50 | 65.67 | 87.10 |
[332/610] 	| 89.00 | 98.44 | 67.46 | 89.19 |
[333/610] 	| 88.46 | 98.30 | 65.08 | 87.50 |
[334/610] 	| 89.15 | 98.63 | 64.38 | 88.69 |
[335/610] 	| 89.37 | 98.71 | 66.77 | 89.48 |
[336/610] 	| 89.91 | 98.41 | 66.47 | 88.69 |
[337/610] 	| 89.50 | 98.48 | 66.27 | 88.69 |
[338/610] 	| 89.26 | 98.50 | 68.06 | 89.09 |
[339/610] 	| 90.12 | 98.55 | 66.87 | 89.38 |
[340/610] 	| 89.42 | 98.61 | 67.56 | 88.39 |
[341/610] 	| 88.85 | 98.60 | 65.77 | 88.89 |
[342/610] 	| 90.01 | 98.70 | 67.76 | 88.89 |
[343/610] 	| 89.87 | 98.77 | 66.37 | 88.99 |
[344/610] 	| 89.81 | 98.67 | 68.85 | 88.59 |
[345/610] 	| 90.06 | 98.52 | 65.28 | 88.29 |
[346/610] 	| 90.27 | 98.55 | 67.96 | 89.78 |
[347/610] 	| 90.49 | 98.93 | 66.67 | 88.99 |
[348/610] 	| 90.14 | 98.67 | 67.96 | 88.29 |
[349/610] 	| 89.65 | 98.35 | 67.26 | 88.89 |
[350/610] 	| 90.22 | 98.73 | 68.35 | 89.48 |
[351/610] 	| 89.80 | 98.65 | 65.67 | 88.79 |
[352/610] 	| 90.68 | 98.81 | 66.27 | 89.19 |
[353/610] 	| 90.27 | 98.72 | 67.06 | 88.49 |
[354/610] 	| 90.27 | 98.78 | 66.47 | 86.71 |
[355/610] 	| 90.93 | 98.67 | 63.99 | 88.19 |
[356/610] 	| 89.47 | 98.57 | 68.35 | 89.09 |
[357/610] 	| 91.36 | 98.99 | 66.96 | 89.48 |
[358/610] 	| 90.68 | 98.95 | 67.36 | 88.99 |
[359/610] 	| 91.46 | 98.83 | 68.06 | 88.69 |
[360/610] 	| 90.99 | 98.79 | 67.26 | 89.38 |
[361/610] 	| 91.13 | 98.77 | 66.27 | 88.79 |
[362/610] 	| 91.49 | 99.11 | 65.28 | 89.68 |
[363/610] 	| 91.05 | 99.03 | 67.66 | 88.49 |
[364/610] 	| 90.97 | 98.83 | 66.77 | 88.99 |
[365/610] 	| 91.93 | 99.08 | 65.28 | 89.88 |
[366/610] 	| 91.44 | 98.73 | 66.17 | 90.28 |
[367/610] 	| 91.66 | 98.82 | 68.06 | 88.79 |
[368/610] 	| 91.38 | 98.95 | 66.67 | 87.20 |
[369/610] 	| 91.45 | 99.03 | 68.35 | 88.89 |
[370/610] 	| 91.83 | 98.91 | 67.86 | 89.48 |
[371/610] 	| 92.24 | 99.00 | 66.87 | 89.48 |
[372/610] 	| 91.70 | 98.95 | 67.36 | 88.19 |
[373/610] 	| 91.69 | 98.91 | 67.56 | 88.19 |
[374/610] 	| 90.19 | 98.74 | 64.88 | 88.49 |
[375/610] 	| 92.25 | 99.10 | 69.35 | 88.79 |
[376/610] 	| 91.80 | 99.11 | 67.06 | 89.09 |
[377/610] 	| 91.35 | 98.78 | 67.66 | 88.89 |
[378/610] 	| 92.70 | 99.19 | 66.37 | 89.48 |
[379/610] 	| 92.36 | 99.08 | 65.77 | 87.80 |
[380/610] 	| 92.08 | 99.10 | 64.98 | 87.90 |
[381/610] 	| 92.90 | 99.11 | 66.57 | 88.10 |
[382/610] 	| 92.20 | 99.08 | 68.06 | 87.40 |
[383/610] 	| 92.99 | 99.24 | 67.26 | 89.19 |
[384/610] 	| 92.25 | 99.08 | 65.48 | 88.00 |
[385/610] 	| 92.02 | 98.94 | 67.86 | 88.99 |
[386/610] 	| 92.82 | 99.20 | 67.16 | 89.78 |
[387/610] 	| 92.98 | 99.11 | 64.09 | 88.10 |
[388/610] 	| 93.10 | 99.29 | 66.77 | 88.00 |
[389/610] 	| 92.68 | 99.33 | 64.58 | 88.39 |
[390/610] 	| 91.99 | 99.17 | 68.15 | 89.58 |
[391/610] 	| 93.46 | 99.37 | 67.06 | 89.78 |
[392/610] 	| 92.89 | 99.22 | 68.65 | 89.19 |
[393/610] 	| 93.52 | 99.24 | 67.96 | 89.09 |
[394/610] 	| 93.54 | 99.37 | 69.15 | 89.29 |
[395/610] 	| 92.69 | 98.95 | 67.66 | 88.79 |
[396/610] 	| 93.04 | 99.37 | 66.07 | 89.29 |
[397/610] 	| 93.72 | 99.35 | 66.87 | 86.90 |
[398/610] 	| 93.87 | 99.30 | 67.46 | 90.28 |
[399/610] 	| 93.66 | 99.18 | 67.36 | 88.69 |
[400/610] 	| 93.28 | 99.18 | 68.55 | 89.58 |
[401/610] 	| 93.92 | 99.40 | 68.06 | 90.08 |
[402/610] 	| 93.84 | 99.02 | 69.54 | 89.88 |
[403/610] 	| 93.84 | 99.32 | 67.16 | 89.48 |
[404/610] 	| 93.57 | 99.11 | 66.47 | 90.28 |
[405/610] 	| 93.87 | 99.25 | 67.56 | 89.98 |
[406/610] 	| 93.73 | 99.31 | 66.47 | 89.09 |
[407/610] 	| 93.36 | 99.30 | 66.27 | 89.19 |
[408/610] 	| 94.05 | 99.47 | 67.46 | 90.28 |
[409/610] 	| 94.23 | 99.34 | 67.66 | 89.38 |
[410/610] 	| 93.93 | 99.25 | 68.25 | 89.38 |
[411/610] 	| 94.15 | 99.32 | 66.17 | 89.68 |
[412/610] 	| 94.53 | 99.34 | 66.27 | 88.49 |
[413/610] 	| 94.28 | 99.42 | 68.95 | 88.69 |
[414/610] 	| 94.35 | 99.43 | 67.56 | 88.79 |
[415/610] 	| 94.32 | 99.34 | 66.67 | 88.99 |
[416/610] 	| 94.02 | 99.22 | 65.97 | 88.10 |
[417/610] 	| 94.08 | 99.56 | 66.96 | 88.00 |
[418/610] 	| 94.44 | 99.29 | 67.76 | 86.81 |
[419/610] 	| 94.24 | 99.41 | 68.55 | 88.59 |
[420/610] 	| 94.82 | 99.42 | 66.67 | 88.10 |
[421/610] 	| 94.35 | 99.49 | 67.16 | 89.38 |
[422/610] 	| 94.60 | 99.49 | 68.45 | 87.90 |
[423/610] 	| 94.64 | 99.41 | 67.96 | 88.59 |
[424/610] 	| 94.62 | 99.47 | 66.17 | 88.99 |
[425/610] 	| 95.02 | 99.39 | 68.06 | 89.19 |
[426/610] 	| 94.93 | 99.46 | 67.26 | 89.88 |
[427/610] 	| 95.11 | 99.61 | 67.16 | 88.59 |
[428/610] 	| 94.90 | 99.50 | 69.15 | 89.48 |
[429/610] 	| 95.05 | 99.54 | 67.36 | 89.19 |
[430/610] 	| 94.62 | 99.57 | 66.96 | 89.78 |
[431/610] 	| 95.20 | 99.42 | 69.15 | 87.90 |
[432/610] 	| 94.86 | 99.39 | 66.57 | 87.80 |
[433/610] 	| 95.79 | 99.54 | 67.86 | 90.67 |
[434/610] 	| 95.21 | 99.50 | 67.96 | 88.49 |
[435/610] 	| 95.61 | 99.60 | 67.86 | 88.99 |
[436/610] 	| 95.55 | 99.63 | 68.25 | 89.48 |
[437/610] 	| 95.84 | 99.57 | 69.25 | 89.88 |
[438/610] 	| 95.73 | 99.52 | 68.06 | 89.29 |
[439/610] 	| 96.24 | 99.50 | 67.96 | 89.48 |
[440/610] 	| 95.52 | 99.52 | 67.86 | 87.90 |
[441/610] 	| 95.96 | 99.47 | 67.46 | 88.69 |
[442/610] 	| 95.79 | 99.53 | 68.35 | 88.89 |
[443/610] 	| 95.71 | 99.58 | 67.56 | 89.68 |
[444/610] 	| 95.79 | 99.42 | 67.36 | 88.69 |
[445/610] 	| 95.96 | 99.63 | 68.35 | 88.49 |
[446/610] 	| 95.56 | 99.61 | 66.87 | 88.39 |
[447/610] 	| 96.03 | 99.67 | 67.76 | 89.58 |
[448/610] 	| 96.14 | 99.69 | 65.38 | 87.40 |
[449/610] 	| 96.16 | 99.59 | 67.56 | 90.38 |
[450/610] 	| 96.44 | 99.63 | 69.44 | 87.90 |
[451/610] 	| 96.19 | 99.60 | 67.06 | 87.60 |
[452/610] 	| 96.24 | 99.60 | 68.15 | 88.49 |
[453/610] 	| 96.19 | 99.51 | 67.66 | 89.48 |
[454/610] 	| 96.25 | 99.63 | 67.36 | 88.59 |
[455/610] 	| 95.87 | 99.58 | 66.87 | 89.38 |
[456/610] 	| 96.49 | 99.63 | 66.67 | 89.19 |
[457/610] 	| 95.84 | 99.57 | 66.77 | 87.60 |
[458/610] 	| 96.45 | 99.68 | 67.26 | 87.60 |
[459/610] 	| 96.57 | 99.63 | 64.98 | 89.19 |
[460/610] 	| 96.60 | 99.70 | 68.25 | 89.19 |
[461/610] 	| 96.41 | 99.63 | 67.16 | 88.49 |
[462/610] 	| 96.21 | 99.66 | 68.15 | 89.58 |
[463/610] 	| 96.39 | 99.56 | 67.26 | 89.19 |
[464/610] 	| 96.86 | 99.72 | 69.35 | 88.89 |
[465/610] 	| 97.11 | 99.81 | 67.26 | 88.69 |
[466/610] 	| 96.93 | 99.67 | 65.87 | 88.49 |
[467/610] 	| 96.54 | 99.69 | 68.15 | 88.79 |
[468/610] 	| 96.96 | 99.64 | 67.26 | 89.38 |
[469/610] 	| 96.67 | 99.78 | 68.25 | 89.58 |
[470/610] 	| 96.89 | 99.73 | 68.85 | 88.89 |
[471/610] 	| 97.03 | 99.67 | 69.25 | 88.49 |
[472/610] 	| 97.18 | 99.74 | 67.36 | 89.19 |
[473/610] 	| 96.94 | 99.79 | 67.56 | 89.48 |
[474/610] 	| 97.19 | 99.78 | 67.46 | 88.69 |
[475/610] 	| 97.16 | 99.77 | 68.55 | 88.69 |
[476/610] 	| 97.13 | 99.72 | 67.56 | 88.29 |
[477/610] 	| 97.25 | 99.78 | 67.56 | 87.80 |
[478/610] 	| 97.39 | 99.70 | 67.36 | 88.10 |
[479/610] 	| 97.49 | 99.69 | 66.77 | 88.59 |
[480/610] 	| 97.01 | 99.61 | 69.05 | 89.48 |
[481/610] 	| 97.38 | 99.79 | 66.96 | 89.09 |
[482/610] 	| 97.43 | 99.76 | 68.55 | 88.89 |
[483/610] 	| 97.52 | 99.68 | 68.25 | 89.58 |
[484/610] 	| 97.32 | 99.71 | 68.55 | 87.60 |
[485/610] 	| 97.23 | 99.80 | 68.65 | 88.69 |
[486/610] 	| 97.69 | 99.79 | 68.25 | 88.89 |
[487/610] 	| 97.23 | 99.71 | 68.35 | 88.49 |
[488/610] 	| 97.46 | 99.69 | 68.45 | 88.69 |
[489/610] 	| 97.83 | 99.84 | 67.96 | 89.19 |
[490/610] 	| 97.49 | 99.77 | 69.74 | 88.99 |
[491/610] 	| 97.86 | 99.76 | 66.27 | 89.29 |
[492/610] 	| 97.41 | 99.82 | 67.66 | 88.39 |
[493/610] 	| 97.95 | 99.80 | 67.06 | 88.69 |
[494/610] 	| 97.59 | 99.78 | 67.86 | 87.40 |
[495/610] 	| 98.06 | 99.82 | 68.35 | 88.39 |
[496/610] 	| 97.89 | 99.77 | 69.25 | 89.19 |
[497/610] 	| 97.98 | 99.86 | 67.76 | 88.69 |
[498/610] 	| 98.04 | 99.81 | 66.47 | 88.19 |
[499/610] 	| 97.80 | 99.84 | 67.16 | 90.08 |
[500/610] 	| 97.90 | 99.83 | 65.67 | 87.80 |
[501/610] 	| 98.18 | 99.82 | 66.67 | 88.99 |
[502/610] 	| 98.41 | 99.81 | 67.16 | 88.59 |
[503/610] 	| 97.98 | 99.86 | 67.46 | 88.39 |
[504/610] 	| 98.01 | 99.80 | 67.36 | 89.19 |
[505/610] 	| 98.38 | 99.90 | 67.46 | 89.29 |
[506/610] 	| 98.12 | 99.84 | 67.96 | 89.19 |
[507/610] 	| 98.18 | 99.86 | 67.16 | 89.38 |
[508/610] 	| 98.12 | 99.82 | 67.66 | 88.59 |
[509/610] 	| 98.19 | 99.82 | 67.06 | 89.88 |
[510/610] 	| 97.88 | 99.84 | 67.56 | 88.79 |
[511/610] 	| 98.59 | 99.84 | 68.35 | 89.09 |
[512/610] 	| 97.96 | 99.83 | 68.35 | 89.68 |
[513/610] 	| 98.47 | 99.82 | 67.86 | 89.19 |
[514/610] 	| 98.59 | 99.88 | 67.96 | 89.38 |
[515/610] 	| 98.17 | 99.90 | 68.95 | 88.10 |
[516/610] 	| 98.31 | 99.82 | 69.05 | 89.48 |
[517/610] 	| 98.23 | 99.82 | 69.74 | 88.99 |
[518/610] 	| 98.41 | 99.90 | 68.06 | 88.49 |
[519/610] 	| 98.59 | 99.96 | 69.05 | 89.29 |
[520/610] 	| 98.61 | 99.90 | 67.76 | 88.59 |
[521/610] 	| 98.44 | 99.88 | 68.75 | 88.00 |
[522/610] 	| 98.74 | 99.93 | 69.94 | 90.08 |
[523/610] 	| 98.61 | 99.90 | 68.06 | 89.58 |
[524/610] 	| 98.59 | 99.90 | 69.94 | 89.48 |
[525/610] 	| 98.87 | 99.93 | 69.84 | 89.78 |
[526/610] 	| 98.35 | 99.89 | 67.76 | 89.58 |
[527/610] 	| 98.51 | 99.89 | 68.06 | 89.09 |
[528/610] 	| 98.54 | 99.86 | 69.15 | 87.60 |
[529/610] 	| 98.51 | 99.90 | 68.45 | 88.79 |
[530/610] 	| 98.39 | 99.87 | 67.76 | 89.98 |
[531/610] 	| 98.87 | 99.91 | 69.35 | 88.69 |
[532/610] 	| 98.78 | 99.90 | 71.23 | 89.98 |
[533/610] 	| 98.63 | 99.90 | 68.75 | 89.48 |
[534/610] 	| 98.58 | 99.96 | 69.05 | 88.49 |
[535/610] 	| 98.77 | 99.93 | 68.95 | 89.68 |
[536/610] 	| 98.72 | 99.89 | 69.05 | 88.99 |
[537/610] 	| 98.89 | 99.90 | 67.66 | 88.00 |
[538/610] 	| 98.72 | 99.89 | 69.84 | 88.49 |
[539/610] 	| 98.59 | 99.87 | 66.77 | 88.89 |
[540/610] 	| 98.82 | 99.93 | 70.93 | 89.09 |
[541/610] 	| 98.82 | 99.92 | 68.15 | 88.99 |
[542/610] 	| 98.83 | 99.90 | 68.55 | 89.98 |
[543/610] 	| 98.93 | 99.92 | 68.45 | 88.59 |
[544/610] 	| 98.81 | 99.88 | 67.06 | 88.79 |
[545/610] 	| 98.85 | 99.84 | 69.35 | 89.38 |
[546/610] 	| 98.68 | 99.91 | 68.45 | 89.38 |
[547/610] 	| 99.01 | 99.94 | 70.44 | 87.50 |
[548/610] 	| 99.10 | 99.89 | 68.55 | 88.89 |
[549/610] 	| 98.83 | 99.96 | 67.86 | 89.19 |
[550/610] 	| 99.04 | 99.94 | 70.04 | 89.48 |
[551/610] 	| 98.64 | 99.94 | 69.84 | 89.58 |
[552/610] 	| 98.89 | 99.92 | 69.05 | 90.08 |
[553/610] 	| 99.08 | 99.91 | 68.06 | 88.79 |
[554/610] 	| 98.87 | 99.97 | 69.74 | 88.89 |
[555/610] 	| 98.92 | 99.96 | 69.54 | 87.30 |
[556/610] 	| 99.05 | 99.99 | 68.45 | 89.98 |
[557/610] 	| 98.98 | 99.93 | 70.63 | 89.58 |
[558/610] 	| 99.11 | 99.93 | 70.04 | 88.79 |
[559/610] 	| 98.99 | 99.92 | 69.54 | 89.78 |
[560/610] 	| 99.08 | 99.94 | 69.94 | 88.69 |
[561/610] 	| 98.85 | 99.92 | 68.85 | 88.29 |
[562/610] 	| 99.04 | 99.92 | 68.45 | 89.19 |
[563/610] 	| 99.09 | 99.94 | 69.64 | 88.59 |
[564/610] 	| 99.08 | 99.93 | 67.56 | 89.88 |
[565/610] 	| 99.09 | 99.96 | 68.65 | 88.79 |
[566/610] 	| 99.09 | 99.96 | 67.86 | 88.59 |
[567/610] 	| 99.03 | 99.91 | 67.36 | 89.48 |
[568/610] 	| 99.14 | 99.91 | 68.75 | 89.48 |
[569/610] 	| 99.10 | 99.93 | 67.96 | 89.48 |
[570/610] 	| 99.21 | 99.96 | 68.55 | 89.48 |
[571/610] 	| 98.97 | 99.92 | 68.06 | 89.68 |
[572/610] 	| 99.07 | 99.90 | 69.84 | 88.59 |
[573/610] 	| 99.08 | 99.91 | 67.46 | 88.49 |
[574/610] 	| 99.28 | 99.94 | 67.56 | 88.79 |
[575/610] 	| 99.01 | 99.93 | 68.06 | 89.98 |
[576/610] 	| 99.08 | 99.96 | 70.04 | 89.48 |
[577/610] 	| 99.17 | 99.93 | 68.35 | 90.08 |
[578/610] 	| 99.22 | 99.92 | 68.25 | 89.19 |
[579/610] 	| 99.08 | 99.93 | 67.06 | 89.78 |
[580/610] 	| 99.17 | 99.94 | 67.96 | 89.38 |
[581/610] 	| 99.32 | 99.91 | 67.56 | 88.39 |
[582/610] 	| 99.07 | 99.96 | 68.85 | 90.08 |
[583/610] 	| 99.21 | 99.98 | 68.65 | 90.28 |
[584/610] 	| 99.18 | 99.92 | 67.96 | 89.09 |
[585/610] 	| 99.21 | 99.97 | 68.55 | 89.09 |
[586/610] 	| 99.20 | 99.93 | 69.54 | 89.68 |
[587/610] 	| 99.17 | 99.96 | 68.55 | 88.69 |
[588/610] 	| 99.32 | 99.98 | 68.25 | 90.18 |
[589/610] 	| 99.33 | 100.00 | 68.45 | 89.29 |
[590/610] 	| 99.22 | 99.92 | 68.75 | 89.09 |
[591/610] 	| 99.29 | 99.97 | 69.35 | 89.58 |
[592/610] 	| 99.22 | 99.94 | 66.57 | 88.29 |
[593/610] 	| 99.57 | 99.98 | 69.74 | 89.19 |
[594/610] 	| 99.38 | 99.93 | 69.84 | 89.19 |
[595/610] 	| 99.35 | 99.96 | 67.46 | 89.78 |
[596/610] 	| 99.37 | 99.96 | 68.75 | 88.59 |
[597/610] 	| 99.37 | 99.93 | 70.14 | 89.58 |
