Parameters: 13,384,746
         	|     Train     |      Test     |
         	| Top-1 | Top-3 | Top-1 | Top-3 |
[1/610] 	| 13.09 | 37.93 | 14.48 | 39.98 |
[2/610] 	| 15.28 | 41.95 | 20.73 | 51.88 |
[3/610] 	| 20.48 | 53.43 | 26.88 | 58.13 |
[4/610] 	| 23.55 | 56.59 | 25.10 | 59.33 |
[5/610] 	| 25.71 | 59.31 | 24.01 | 61.41 |
[6/610] 	| 27.05 | 61.59 | 28.17 | 62.80 |
[7/610] 	| 28.56 | 63.66 | 32.34 | 65.58 |
[8/610] 	| 30.98 | 64.90 | 32.74 | 67.16 |
[9/610] 	| 32.07 | 66.35 | 33.63 | 68.25 |
[10/610] 	| 33.16 | 66.77 | 34.92 | 68.55 |
[11/610] 	| 34.26 | 68.42 | 30.56 | 66.17 |
[12/610] 	| 34.99 | 69.28 | 36.90 | 71.13 |
[13/610] 	| 35.60 | 70.18 | 37.50 | 71.92 |
[14/610] 	| 35.82 | 69.73 | 34.92 | 68.85 |
[15/610] 	| 36.28 | 70.96 | 37.60 | 70.04 |
[16/610] 	| 37.47 | 72.24 | 38.29 | 71.43 |
[17/610] 	| 37.66 | 72.04 | 40.28 | 72.42 |
[18/610] 	| 38.80 | 73.08 | 38.19 | 72.02 |
[19/610] 	| 39.50 | 73.17 | 37.80 | 70.93 |
[20/610] 	| 39.21 | 73.21 | 39.98 | 73.31 |
[21/610] 	| 40.68 | 74.11 | 38.49 | 71.23 |
[22/610] 	| 40.49 | 73.74 | 38.69 | 73.21 |
[23/610] 	| 40.57 | 74.39 | 40.58 | 72.72 |
[24/610] 	| 41.95 | 75.00 | 41.77 | 75.60 |
[25/610] 	| 42.78 | 75.82 | 40.48 | 74.80 |
[26/610] 	| 42.93 | 75.93 | 40.87 | 73.21 |
[27/610] 	| 42.83 | 76.29 | 38.59 | 74.90 |
[28/610] 	| 43.89 | 76.49 | 40.77 | 75.50 |
[29/610] 	| 44.07 | 76.68 | 41.27 | 77.58 |
[30/610] 	| 44.57 | 77.40 | 46.03 | 78.37 |
[31/610] 	| 45.48 | 77.40 | 42.06 | 75.99 |
[32/610] 	| 45.91 | 78.24 | 43.06 | 76.39 |
[33/610] 	| 45.28 | 78.26 | 42.66 | 77.48 |
[34/610] 	| 46.39 | 78.85 | 42.46 | 75.50 |
[35/610] 	| 46.76 | 79.25 | 46.23 | 77.78 |
[36/610] 	| 47.62 | 79.26 | 42.56 | 75.89 |
[37/610] 	| 47.22 | 79.28 | 42.96 | 77.78 |
[38/610] 	| 47.45 | 79.56 | 44.25 | 77.18 |
[39/610] 	| 48.17 | 79.57 | 45.73 | 77.78 |
[40/610] 	| 48.23 | 79.97 | 46.53 | 79.66 |
[41/610] 	| 48.15 | 80.49 | 44.84 | 77.08 |
[42/610] 	| 48.57 | 79.76 | 44.25 | 76.79 |
[43/610] 	| 48.75 | 80.38 | 45.34 | 78.08 |
[44/610] 	| 48.53 | 80.59 | 46.92 | 81.65 |
[45/610] 	| 49.03 | 81.54 | 48.02 | 79.07 |
[46/610] 	| 49.03 | 80.77 | 47.72 | 80.36 |
[47/610] 	| 49.25 | 81.38 | 49.31 | 78.08 |
[48/610] 	| 49.91 | 81.52 | 47.52 | 80.56 |
[49/610] 	| 50.12 | 81.63 | 47.02 | 79.56 |
[50/610] 	| 51.25 | 81.54 | 47.92 | 80.06 |
[51/610] 	| 50.95 | 81.97 | 47.42 | 79.96 |
[52/610] 	| 50.92 | 81.56 | 48.71 | 80.06 |
[53/610] 	| 50.66 | 81.74 | 47.72 | 79.37 |
[54/610] 	| 50.57 | 81.48 | 49.40 | 79.37 |
[55/610] 	| 51.31 | 82.22 | 48.21 | 80.46 |
[56/610] 	| 51.69 | 82.11 | 49.60 | 79.96 |
[57/610] 	| 52.15 | 82.16 | 48.81 | 79.56 |
[58/610] 	| 52.55 | 82.72 | 48.71 | 79.07 |
[59/610] 	| 52.52 | 82.58 | 46.53 | 79.07 |
[60/610] 	| 51.72 | 82.30 | 45.93 | 78.57 |
[61/610] 	| 51.90 | 82.27 | 47.72 | 79.46 |
[62/610] 	| 51.52 | 82.92 | 49.80 | 79.66 |
[63/610] 	| 51.94 | 82.33 | 49.70 | 80.65 |
[64/610] 	| 50.77 | 81.65 | 48.41 | 79.46 |
[65/610] 	| 51.27 | 82.38 | 46.63 | 79.96 |
[66/610] 	| 52.78 | 83.32 | 50.10 | 80.36 |
[67/610] 	| 52.20 | 81.52 | 46.73 | 77.68 |
[68/610] 	| 50.13 | 81.12 | 47.82 | 78.27 |
[69/610] 	| 51.89 | 82.51 | 49.70 | 79.76 |
[70/610] 	| 52.48 | 82.73 | 51.39 | 81.05 |
[71/610] 	| 52.10 | 82.91 | 47.12 | 79.56 |
[72/610] 	| 51.77 | 82.54 | 47.82 | 79.76 |
[73/610] 	| 51.67 | 81.91 | 47.82 | 78.77 |
[74/610] 	| 53.00 | 82.81 | 49.80 | 79.96 |
[75/610] 	| 52.61 | 82.77 | 50.20 | 78.37 |
[76/610] 	| 53.46 | 83.57 | 47.82 | 81.55 |
[77/610] 	| 52.85 | 83.31 | 50.10 | 80.65 |
[78/610] 	| 53.94 | 82.95 | 51.09 | 78.67 |
[79/610] 	| 53.49 | 82.24 | 50.00 | 79.66 |
[80/610] 	| 53.34 | 83.50 | 48.91 | 80.06 |
[81/610] 	| 53.73 | 83.64 | 51.49 | 79.76 |
[82/610] 	| 54.10 | 83.24 | 50.99 | 82.24 |
[83/610] 	| 54.70 | 83.76 | 49.60 | 82.64 |
[84/610] 	| 54.63 | 83.82 | 49.90 | 79.76 |
[85/610] 	| 53.99 | 83.96 | 49.01 | 81.15 |
[86/610] 	| 54.04 | 83.12 | 50.20 | 79.46 |
[87/610] 	| 54.11 | 84.03 | 52.78 | 80.95 |
[88/610] 	| 54.25 | 83.94 | 51.59 | 80.85 |
[89/610] 	| 53.84 | 84.51 | 50.69 | 81.15 |
[90/610] 	| 54.80 | 84.11 | 51.39 | 81.15 |
[91/610] 	| 53.21 | 83.42 | 50.99 | 80.75 |
[92/610] 	| 53.00 | 82.46 | 46.43 | 76.09 |
[93/610] 	| 54.73 | 83.36 | 49.50 | 81.25 |
[94/610] 	| 53.94 | 83.56 | 52.48 | 82.44 |
[95/610] 	| 55.17 | 84.11 | 54.07 | 81.75 |
[96/610] 	| 53.25 | 82.94 | 50.30 | 82.04 |
[97/610] 	| 54.67 | 83.08 | 50.89 | 81.65 |
[98/610] 	| 52.55 | 82.42 | 50.20 | 81.05 |
[99/610] 	| 54.62 | 83.56 | 54.07 | 83.13 |
[100/610] 	| 53.73 | 83.36 | 54.37 | 82.94 |
[101/610] 	| 54.93 | 84.26 | 52.28 | 81.55 |
[102/610] 	| 53.91 | 83.90 | 52.78 | 83.53 |
[103/610] 	| 56.96 | 85.23 | 51.98 | 80.85 |
[104/610] 	| 56.22 | 84.35 | 52.48 | 80.65 |
[105/610] 	| 55.36 | 84.07 | 52.58 | 81.25 |
[106/610] 	| 56.13 | 84.99 | 55.36 | 82.64 |
[107/610] 	| 57.21 | 85.20 | 52.78 | 81.35 |
[108/610] 	| 55.08 | 83.85 | 51.09 | 80.46 |
[109/610] 	| 52.46 | 81.65 | 46.43 | 76.19 |
[110/610] 	| 50.41 | 80.89 | 52.28 | 81.65 |
[111/610] 	| 54.23 | 83.63 | 52.18 | 83.43 |
[112/610] 	| 56.24 | 84.41 | 56.15 | 82.94 |
[113/610] 	| 57.34 | 85.14 | 56.35 | 84.33 |
[114/610] 	| 57.38 | 85.56 | 54.66 | 85.32 |
[115/610] 	| 57.28 | 85.41 | 56.05 | 83.63 |
[116/610] 	| 58.41 | 86.00 | 57.94 | 82.64 |
[117/610] 	| 57.25 | 84.78 | 54.76 | 81.25 |
[118/610] 	| 58.59 | 85.93 | 56.55 | 81.45 |
[119/610] 	| 59.11 | 86.72 | 56.05 | 82.04 |
[120/610] 	| 58.73 | 86.25 | 55.16 | 84.82 |
[121/610] 	| 59.79 | 87.16 | 54.76 | 82.94 |
[122/610] 	| 58.67 | 86.21 | 56.05 | 84.23 |
[123/610] 	| 57.64 | 86.34 | 56.15 | 83.33 |
[124/610] 	| 60.04 | 87.14 | 54.76 | 83.73 |
[125/610] 	| 60.80 | 87.32 | 57.94 | 85.22 |
[126/610] 	| 60.90 | 87.60 | 57.64 | 84.62 |
[127/610] 	| 62.13 | 87.72 | 57.74 | 85.12 |
[128/610] 	| 61.11 | 87.54 | 56.35 | 84.23 |
[129/610] 	| 61.34 | 87.22 | 56.35 | 84.23 |
[130/610] 	| 61.78 | 87.83 | 57.54 | 84.92 |
[131/610] 	| 61.77 | 87.50 | 55.46 | 85.91 |
[132/610] 	| 61.49 | 87.17 | 56.75 | 84.42 |
[133/610] 	| 61.97 | 87.53 | 54.66 | 84.92 |
[134/610] 	| 62.12 | 87.78 | 56.55 | 85.42 |
[135/610] 	| 62.38 | 87.67 | 57.14 | 84.62 |
[136/610] 	| 62.57 | 88.45 | 58.53 | 84.52 |
[137/610] 	| 62.58 | 88.08 | 60.42 | 85.52 |
[138/610] 	| 62.40 | 88.28 | 54.86 | 82.24 |
[139/610] 	| 61.97 | 87.88 | 57.94 | 84.82 |
[140/610] 	| 62.92 | 88.43 | 59.03 | 86.51 |
[141/610] 	| 63.06 | 88.60 | 55.46 | 84.92 |
[142/610] 	| 63.93 | 88.85 | 59.62 | 85.81 |
[143/610] 	| 63.83 | 88.88 | 57.94 | 85.81 |
[144/610] 	| 62.12 | 88.55 | 54.76 | 83.93 |
[145/610] 	| 63.40 | 88.61 | 58.63 | 86.81 |
[146/610] 	| 64.70 | 89.64 | 55.85 | 84.52 |
[147/610] 	| 64.57 | 88.89 | 59.82 | 85.71 |
[148/610] 	| 64.72 | 89.21 | 56.15 | 85.22 |
[149/610] 	| 65.48 | 89.74 | 55.85 | 84.62 |
[150/610] 	| 65.54 | 89.99 | 59.23 | 86.71 |
[151/610] 	| 63.11 | 88.60 | 58.23 | 85.12 |
[152/610] 	| 65.29 | 89.78 | 58.93 | 85.71 |
[153/610] 	| 63.77 | 89.15 | 55.36 | 85.52 |
[154/610] 	| 61.23 | 86.62 | 56.25 | 84.82 |
[155/610] 	| 61.38 | 87.26 | 54.46 | 83.33 |
[156/610] 	| 59.14 | 85.63 | 57.04 | 84.72 |
[157/610] 	| 58.66 | 85.89 | 56.25 | 84.23 |
[158/610] 	| 60.18 | 86.29 | 57.04 | 83.33 |
[159/610] 	| 62.32 | 88.30 | 61.31 | 85.12 |
[160/610] 	| 63.01 | 88.09 | 58.23 | 86.41 |
[161/610] 	| 63.87 | 87.69 | 58.63 | 85.52 |
[162/610] 	| 64.23 | 89.12 | 59.13 | 85.22 |
[163/610] 	| 64.99 | 89.61 | 57.44 | 84.92 |
[164/610] 	| 65.12 | 89.72 | 60.52 | 84.82 |
[165/610] 	| 65.20 | 90.04 | 61.81 | 86.81 |
[166/610] 	| 65.87 | 90.10 | 61.31 | 87.20 |
[167/610] 	| 66.85 | 91.00 | 57.64 | 84.82 |
[168/610] 	| 65.99 | 90.38 | 58.63 | 85.62 |
[169/610] 	| 66.23 | 90.74 | 60.52 | 85.02 |
[170/610] 	| 66.03 | 89.60 | 60.12 | 85.42 |
[171/610] 	| 66.79 | 90.40 | 60.62 | 87.40 |
[172/610] 	| 67.53 | 91.15 | 61.21 | 86.21 |
[173/610] 	| 67.58 | 90.65 | 60.12 | 85.91 |
[174/610] 	| 68.24 | 90.96 | 61.81 | 86.11 |
[175/610] 	| 68.34 | 91.07 | 60.12 | 85.81 |
[176/610] 	| 67.83 | 90.58 | 60.12 | 86.61 |
[177/610] 	| 68.28 | 90.97 | 60.32 | 85.71 |
[178/610] 	| 68.61 | 91.47 | 59.33 | 87.50 |
[179/610] 	| 67.99 | 90.56 | 61.31 | 87.80 |
[180/610] 	| 67.78 | 91.16 | 59.13 | 86.90 |
[181/610] 	| 69.43 | 91.89 | 58.93 | 84.03 |
[182/610] 	| 70.26 | 92.07 | 60.81 | 86.90 |
[183/610] 	| 69.98 | 92.12 | 62.40 | 85.22 |
[184/610] 	| 68.51 | 91.90 | 60.22 | 87.20 |
[185/610] 	| 69.94 | 92.49 | 59.23 | 86.81 |
[186/610] 	| 70.81 | 92.80 | 61.90 | 87.60 |
[187/610] 	| 70.20 | 92.06 | 59.82 | 86.31 |
[188/610] 	| 70.65 | 92.29 | 60.12 | 85.91 |
[189/610] 	| 71.21 | 92.75 | 60.91 | 86.71 |
[190/610] 	| 71.15 | 92.63 | 62.10 | 86.81 |
[191/610] 	| 72.15 | 92.77 | 59.42 | 86.11 |
[192/610] 	| 72.05 | 93.12 | 61.51 | 87.30 |
[193/610] 	| 71.83 | 93.21 | 60.42 | 86.11 |
[194/610] 	| 72.36 | 93.18 | 60.81 | 87.60 |
[195/610] 	| 72.51 | 93.19 | 63.49 | 87.50 |
[196/610] 	| 71.75 | 93.07 | 63.00 | 86.90 |
[197/610] 	| 72.73 | 93.41 | 60.52 | 86.21 |
[198/610] 	| 72.76 | 93.57 | 60.02 | 85.42 |
[199/610] 	| 72.30 | 92.70 | 63.19 | 85.62 |
[200/610] 	| 72.62 | 93.19 | 62.50 | 87.50 |
[201/610] 	| 72.22 | 93.32 | 61.01 | 87.10 |
[202/610] 	| 73.02 | 93.82 | 60.12 | 87.30 |
[203/610] 	| 71.96 | 93.42 | 60.62 | 85.32 |
[204/610] 	| 72.83 | 93.26 | 63.29 | 86.11 |
[205/610] 	| 73.51 | 93.64 | 62.90 | 88.49 |
[206/610] 	| 75.83 | 94.60 | 62.60 | 87.40 |
[207/610] 	| 75.17 | 94.24 | 62.50 | 88.00 |
[208/610] 	| 74.90 | 94.40 | 62.60 | 87.40 |
[209/610] 	| 74.44 | 94.28 | 62.50 | 87.70 |
[210/610] 	| 74.37 | 94.08 | 62.90 | 86.81 |
[211/610] 	| 74.37 | 94.38 | 62.30 | 87.20 |
[212/610] 	| 75.54 | 94.70 | 63.99 | 86.90 |
[213/610] 	| 74.04 | 94.31 | 59.52 | 86.81 |
[214/610] 	| 74.25 | 94.62 | 61.41 | 85.62 |
[215/610] 	| 75.78 | 94.95 | 60.12 | 86.61 |
[216/610] 	| 75.54 | 94.81 | 62.20 | 87.30 |
[217/610] 	| 74.71 | 94.28 | 63.29 | 87.20 |
[218/610] 	| 71.50 | 92.99 | 62.40 | 85.12 |
[219/610] 	| 76.09 | 94.65 | 63.00 | 87.60 |
[220/610] 	| 76.08 | 94.68 | 63.79 | 86.71 |
[221/610] 	| 76.36 | 94.86 | 61.81 | 86.51 |
[222/610] 	| 76.50 | 95.47 | 61.51 | 86.90 |
[223/610] 	| 76.41 | 94.82 | 60.52 | 88.19 |
[224/610] 	| 76.31 | 95.22 | 62.00 | 88.59 |
[225/610] 	| 76.86 | 95.28 | 61.71 | 86.90 |
[226/610] 	| 77.42 | 95.15 | 62.10 | 86.90 |
[227/610] 	| 78.37 | 95.40 | 61.71 | 87.70 |
[228/610] 	| 78.68 | 95.82 | 60.32 | 87.80 |
[229/610] 	| 77.28 | 95.84 | 60.71 | 86.31 |
[230/610] 	| 77.04 | 95.74 | 62.50 | 87.30 |
[231/610] 	| 78.90 | 96.30 | 62.10 | 86.51 |
[232/610] 	| 77.94 | 95.56 | 60.71 | 85.52 |
[233/610] 	| 78.06 | 95.87 | 63.00 | 86.61 |
[234/610] 	| 79.14 | 96.10 | 60.62 | 86.41 |
[235/610] 	| 78.29 | 95.62 | 63.29 | 85.91 |
[236/610] 	| 78.70 | 96.41 | 63.00 | 86.21 |
[237/610] 	| 78.91 | 96.45 | 63.10 | 87.50 |
[238/610] 	| 79.69 | 96.56 | 61.81 | 86.51 |
[239/610] 	| 79.97 | 96.30 | 63.59 | 87.10 |
[240/610] 	| 79.14 | 96.24 | 62.80 | 86.90 |
[241/610] 	| 79.93 | 96.45 | 64.09 | 87.30 |
[242/610] 	| 81.04 | 96.56 | 60.91 | 86.31 |
[243/610] 	| 79.11 | 96.19 | 61.61 | 86.41 |
[244/610] 	| 80.66 | 96.54 | 62.90 | 86.51 |
[245/610] 	| 81.51 | 96.69 | 63.00 | 88.89 |
[246/610] 	| 80.42 | 96.45 | 62.30 | 87.40 |
[247/610] 	| 81.51 | 96.86 | 62.50 | 87.60 |
[248/610] 	| 80.82 | 96.60 | 61.90 | 87.20 |
[249/610] 	| 80.83 | 96.52 | 62.90 | 86.21 |
[250/610] 	| 81.58 | 96.86 | 63.89 | 87.70 |
[251/610] 	| 80.84 | 96.52 | 63.10 | 87.40 |
[252/610] 	| 80.94 | 96.71 | 63.29 | 87.00 |
[253/610] 	| 81.43 | 97.09 | 61.71 | 86.21 |
[254/610] 	| 82.03 | 96.82 | 62.10 | 86.21 |
[255/610] 	| 82.46 | 97.22 | 62.70 | 85.81 |
[256/610] 	| 81.95 | 96.99 | 62.60 | 87.30 |
[257/610] 	| 82.74 | 97.19 | 63.10 | 87.20 |
[258/610] 	| 82.90 | 97.39 | 61.51 | 86.71 |
[259/610] 	| 82.65 | 97.40 | 61.11 | 86.61 |
[260/610] 	| 82.65 | 97.10 | 63.10 | 88.69 |
[261/610] 	| 82.70 | 97.32 | 60.12 | 87.20 |
[262/610] 	| 83.80 | 97.70 | 59.82 | 87.40 |
[263/610] 	| 83.10 | 97.15 | 63.19 | 85.52 |
[264/610] 	| 83.06 | 97.36 | 60.02 | 86.61 |
[265/610] 	| 84.31 | 97.80 | 60.62 | 84.13 |
[266/610] 	| 84.51 | 97.78 | 63.59 | 86.11 |
[267/610] 	| 83.10 | 97.52 | 62.70 | 86.51 |
[268/610] 	| 85.32 | 98.04 | 61.71 | 85.81 |
[269/610] 	| 84.70 | 98.06 | 59.52 | 85.42 |
[270/610] 	| 83.80 | 97.45 | 59.62 | 84.52 |
[271/610] 	| 84.20 | 97.49 | 61.31 | 87.30 |
[272/610] 	| 84.80 | 97.54 | 62.20 | 86.51 |
[273/610] 	| 84.56 | 97.61 | 59.62 | 87.30 |
[274/610] 	| 84.56 | 97.66 | 63.00 | 86.31 |
[275/610] 	| 84.48 | 97.73 | 60.32 | 86.11 |
[276/610] 	| 85.05 | 97.86 | 60.62 | 84.03 |
[277/610] 	| 86.04 | 97.95 | 63.59 | 87.50 |
[278/610] 	| 85.20 | 97.79 | 61.21 | 86.81 |
[279/610] 	| 85.23 | 97.95 | 60.71 | 85.32 |
[280/610] 	| 85.87 | 97.88 | 61.81 | 87.00 |
[281/610] 	| 85.62 | 97.51 | 62.00 | 87.10 |
[282/610] 	| 85.99 | 97.72 | 61.51 | 86.31 |
[283/610] 	| 86.43 | 97.88 | 59.03 | 86.81 |
[284/610] 	| 86.59 | 98.30 | 61.41 | 86.51 |
[285/610] 	| 86.63 | 97.98 | 61.90 | 85.81 |
[286/610] 	| 87.14 | 98.33 | 60.12 | 86.51 |
[287/610] 	| 86.65 | 98.15 | 63.19 | 85.71 |
[288/610] 	| 86.79 | 98.28 | 61.51 | 85.32 |
[289/610] 	| 86.12 | 98.04 | 62.20 | 85.62 |
[290/610] 	| 87.24 | 98.24 | 62.10 | 85.71 |
[291/610] 	| 87.77 | 98.43 | 62.30 | 87.10 |
[292/610] 	| 86.60 | 98.17 | 61.90 | 85.71 |
[293/610] 	| 87.92 | 98.31 | 62.50 | 87.20 |
[294/610] 	| 87.67 | 98.57 | 61.31 | 87.50 |
[295/610] 	| 87.44 | 98.44 | 61.51 | 86.41 |
[296/610] 	| 87.98 | 98.77 | 62.10 | 85.81 |
[297/610] 	| 88.32 | 98.54 | 61.81 | 88.00 |
[298/610] 	| 88.91 | 98.53 | 62.40 | 87.70 |
[299/610] 	| 88.42 | 98.64 | 62.40 | 87.20 |
[300/610] 	| 88.25 | 98.34 | 61.41 | 85.62 |
[301/610] 	| 86.83 | 98.25 | 63.19 | 87.00 |
[302/610] 	| 87.88 | 98.31 | 62.30 | 85.81 |
[303/610] 	| 88.76 | 98.69 | 64.48 | 85.32 |
[304/610] 	| 88.83 | 98.73 | 62.60 | 86.61 |
[305/610] 	| 89.40 | 98.69 | 62.00 | 87.80 |
[306/610] 	| 88.53 | 98.51 | 63.10 | 87.70 |
[307/610] 	| 89.36 | 98.68 | 62.90 | 86.61 |
[308/610] 	| 89.03 | 98.69 | 60.91 | 87.60 |
[309/610] 	| 90.08 | 98.84 | 60.22 | 86.01 |
[310/610] 	| 89.33 | 98.75 | 64.68 | 86.21 |
[311/610] 	| 89.06 | 98.47 | 63.89 | 86.61 |
[312/610] 	| 90.00 | 98.90 | 62.10 | 87.20 |
[313/610] 	| 88.22 | 98.49 | 60.81 | 86.90 |
[314/610] 	| 88.38 | 98.48 | 61.90 | 85.81 |
[315/610] 	| 89.52 | 98.60 | 63.69 | 87.20 |
[316/610] 	| 89.84 | 98.95 | 63.19 | 87.60 |
[317/610] 	| 89.69 | 98.75 | 62.70 | 86.90 |
[318/610] 	| 90.51 | 98.67 | 63.00 | 88.29 |
[319/610] 	| 90.70 | 99.05 | 63.19 | 86.31 |
[320/610] 	| 90.40 | 98.82 | 63.69 | 86.71 |
[321/610] 	| 90.57 | 98.93 | 62.40 | 86.71 |
[322/610] 	| 90.21 | 98.78 | 62.30 | 87.20 |
[323/610] 	| 90.70 | 98.80 | 63.59 | 88.29 |
[324/610] 	| 90.15 | 98.90 | 61.61 | 86.51 |
[325/610] 	| 90.61 | 98.93 | 61.61 | 85.32 |
[326/610] 	| 91.55 | 99.04 | 61.51 | 85.91 |
[327/610] 	| 90.48 | 98.79 | 61.90 | 84.62 |
[328/610] 	| 91.23 | 98.87 | 63.00 | 86.01 |
[329/610] 	| 91.57 | 99.12 | 63.89 | 86.71 |
[330/610] 	| 90.83 | 99.01 | 61.71 | 86.41 |
[331/610] 	| 91.08 | 98.91 | 60.22 | 86.41 |
[332/610] 	| 91.47 | 99.03 | 61.41 | 88.59 |
[333/610] 	| 91.44 | 99.01 | 61.90 | 85.71 |
[334/610] 	| 91.70 | 99.03 | 60.32 | 85.91 |
[335/610] 	| 91.47 | 98.92 | 62.50 | 87.30 |
[336/610] 	| 92.15 | 99.13 | 64.78 | 87.90 |
[337/610] 	| 91.33 | 99.13 | 62.00 | 86.71 |
[338/610] 	| 92.16 | 99.15 | 64.19 | 86.71 |
[339/610] 	| 91.66 | 99.04 | 63.49 | 87.20 |
[340/610] 	| 91.11 | 99.03 | 59.82 | 85.62 |
[341/610] 	| 92.36 | 99.15 | 63.39 | 87.40 |
[342/610] 	| 92.14 | 99.11 | 62.80 | 87.80 |
[343/610] 	| 92.72 | 99.23 | 62.00 | 87.30 |
[344/610] 	| 92.69 | 99.28 | 62.90 | 86.31 |
[345/610] 	| 91.61 | 99.00 | 63.49 | 86.71 |
[346/610] 	| 92.58 | 99.10 | 65.18 | 86.81 |
[347/610] 	| 91.87 | 99.01 | 61.51 | 86.81 |
[348/610] 	| 92.54 | 99.04 | 62.20 | 86.41 |
[349/610] 	| 93.43 | 99.19 | 64.19 | 87.10 |
[350/610] 	| 92.57 | 99.17 | 63.99 | 87.90 |
[351/610] 	| 92.74 | 99.04 | 62.80 | 88.10 |
[352/610] 	| 92.87 | 99.18 | 64.29 | 87.00 |
[353/610] 	| 93.07 | 99.32 | 64.58 | 86.81 |
[354/610] 	| 93.51 | 99.18 | 63.49 | 86.41 |
[355/610] 	| 93.12 | 99.29 | 63.69 | 87.70 |
[356/610] 	| 92.45 | 98.97 | 63.69 | 87.70 |
[357/610] 	| 93.23 | 99.38 | 62.70 | 87.30 |
[358/610] 	| 92.88 | 99.18 | 63.39 | 87.20 |
[359/610] 	| 93.21 | 99.34 | 62.50 | 87.70 |
[360/610] 	| 93.79 | 99.38 | 62.90 | 86.41 |
[361/610] 	| 93.94 | 99.47 | 63.19 | 87.10 |
[362/610] 	| 93.23 | 99.27 | 63.29 | 87.50 |
[363/610] 	| 93.03 | 99.11 | 63.69 | 87.50 |
[364/610] 	| 93.63 | 99.29 | 60.62 | 87.50 |
[365/610] 	| 93.25 | 99.25 | 61.41 | 87.40 |
[366/610] 	| 93.71 | 99.24 | 64.19 | 87.00 |
[367/610] 	| 93.67 | 99.34 | 63.19 | 87.40 |
[368/610] 	| 93.91 | 99.46 | 63.19 | 86.11 |
[369/610] 	| 93.84 | 99.35 | 62.50 | 88.29 |
[370/610] 	| 93.91 | 99.40 | 64.48 | 87.10 |
[371/610] 	| 94.07 | 99.43 | 62.40 | 86.51 |
[372/610] 	| 94.21 | 99.44 | 61.51 | 86.61 |
[373/610] 	| 93.84 | 99.37 | 62.20 | 86.90 |
[374/610] 	| 94.31 | 99.47 | 63.39 | 87.60 |
[375/610] 	| 94.28 | 99.39 | 64.68 | 88.19 |
[376/610] 	| 94.23 | 99.38 | 62.90 | 85.32 |
[377/610] 	| 93.82 | 99.40 | 62.40 | 87.00 |
[378/610] 	| 94.27 | 99.30 | 63.29 | 86.31 |
[379/610] 	| 94.43 | 99.56 | 62.10 | 86.21 |
[380/610] 	| 95.07 | 99.57 | 62.50 | 87.60 |
[381/610] 	| 93.94 | 99.32 | 62.40 | 87.50 |
[382/610] 	| 94.92 | 99.59 | 63.49 | 86.21 |
[383/610] 	| 94.98 | 99.56 | 64.09 | 87.70 |
[384/610] 	| 94.87 | 99.48 | 60.91 | 86.41 |
[385/610] 	| 94.83 | 99.60 | 61.90 | 86.11 |
[386/610] 	| 94.64 | 99.58 | 62.50 | 86.71 |
[387/610] 	| 95.20 | 99.57 | 60.62 | 86.51 |
[388/610] 	| 95.52 | 99.59 | 60.62 | 86.31 |
[389/610] 	| 95.12 | 99.50 | 61.81 | 86.71 |
[390/610] 	| 94.47 | 99.41 | 62.90 | 86.90 |
[391/610] 	| 95.56 | 99.51 | 61.81 | 87.40 |
[392/610] 	| 94.82 | 99.56 | 63.00 | 87.10 |
[393/610] 	| 95.11 | 99.61 | 64.19 | 87.90 |
[394/610] 	| 95.11 | 99.40 | 64.19 | 87.90 |
[395/610] 	| 95.04 | 99.42 | 64.19 | 88.39 |
[396/610] 	| 94.71 | 99.54 | 63.89 | 87.30 |
[397/610] 	| 95.45 | 99.57 | 62.90 | 86.11 |
[398/610] 	| 95.05 | 99.49 | 61.41 | 87.10 |
[399/610] 	| 95.06 | 99.49 | 64.19 | 86.31 |
[400/610] 	| 95.04 | 99.49 | 65.08 | 87.60 |
[401/610] 	| 95.79 | 99.57 | 64.38 | 86.90 |
[402/610] 	| 95.25 | 99.53 | 63.39 | 87.90 |
[403/610] 	| 95.58 | 99.58 | 64.68 | 87.10 |
[404/610] 	| 95.48 | 99.61 | 64.58 | 87.20 |
[405/610] 	| 95.71 | 99.47 | 64.68 | 88.59 |
[406/610] 	| 95.55 | 99.54 | 62.30 | 86.90 |
[407/610] 	| 96.03 | 99.73 | 63.89 | 87.90 |
[408/610] 	| 95.70 | 99.59 | 65.38 | 88.19 |
[409/610] 	| 96.06 | 99.64 | 63.29 | 87.70 |
[410/610] 	| 95.71 | 99.63 | 65.97 | 88.10 |
[411/610] 	| 95.89 | 99.66 | 65.28 | 87.30 |
[412/610] 	| 96.14 | 99.81 | 62.50 | 85.91 |
[413/610] 	| 95.75 | 99.66 | 62.80 | 88.10 |
[414/610] 	| 95.90 | 99.70 | 63.59 | 87.50 |
[415/610] 	| 96.22 | 99.56 | 63.39 | 87.90 |
[416/610] 	| 96.37 | 99.67 | 64.19 | 88.59 |
[417/610] 	| 96.35 | 99.69 | 63.99 | 87.10 |
[418/610] 	| 95.81 | 99.62 | 63.10 | 87.40 |
[419/610] 	| 95.93 | 99.59 | 63.00 | 86.71 |
[420/610] 	| 95.94 | 99.62 | 64.29 | 86.51 |
[421/610] 	| 96.55 | 99.73 | 62.40 | 86.90 |
[422/610] 	| 96.31 | 99.70 | 63.59 | 85.62 |
[423/610] 	| 96.40 | 99.57 | 63.79 | 87.00 |
[424/610] 	| 95.93 | 99.62 | 61.71 | 88.29 |
[425/610] 	| 96.81 | 99.70 | 63.79 | 86.81 |
[426/610] 	| 96.69 | 99.67 | 64.09 | 86.81 |
[427/610] 	| 96.76 | 99.62 | 64.48 | 88.10 |
[428/610] 	| 96.44 | 99.72 | 62.80 | 86.81 |
[429/610] 	| 96.93 | 99.64 | 65.18 | 87.90 |
[430/610] 	| 96.34 | 99.57 | 63.10 | 86.21 |
[431/610] 	| 96.59 | 99.67 | 63.29 | 86.01 |
[432/610] 	| 96.90 | 99.72 | 64.09 | 87.70 |
[433/610] 	| 96.80 | 99.73 | 63.19 | 85.52 |
[434/610] 	| 96.59 | 99.74 | 64.78 | 86.61 |
[435/610] 	| 97.20 | 99.72 | 65.08 | 86.51 |
[436/610] 	| 97.24 | 99.76 | 63.00 | 87.90 |
[437/610] 	| 96.83 | 99.68 | 63.29 | 88.10 |
[438/610] 	| 97.05 | 99.72 | 61.90 | 87.30 |
[439/610] 	| 97.29 | 99.72 | 64.58 | 87.30 |
[440/610] 	| 97.05 | 99.69 | 62.80 | 89.29 |
[441/610] 	| 97.32 | 99.72 | 66.27 | 87.70 |
[442/610] 	| 97.06 | 99.77 | 62.60 | 88.39 |
[443/610] 	| 96.66 | 99.80 | 63.10 | 87.00 |
[444/610] 	| 96.88 | 99.70 | 63.49 | 87.20 |
[445/610] 	| 97.20 | 99.74 | 64.38 | 88.39 |
[446/610] 	| 97.49 | 99.70 | 62.60 | 87.50 |
[447/610] 	| 97.15 | 99.69 | 64.58 | 87.60 |
[448/610] 	| 97.21 | 99.83 | 64.29 | 86.51 |
[449/610] 	| 97.44 | 99.77 | 62.30 | 87.70 |
[450/610] 	| 97.49 | 99.88 | 63.39 | 88.39 |
[451/610] 	| 97.22 | 99.80 | 65.18 | 87.70 |
[452/610] 	| 97.32 | 99.76 | 65.08 | 87.40 |
[453/610] 	| 97.22 | 99.70 | 65.58 | 88.10 |
[454/610] 	| 97.53 | 99.78 | 63.79 | 88.00 |
