Parameters: 21,070,385
         	|     Train     |      Test     |
         	| Top-1 | Top-3 | Top-1 | Top-3 |
[1/1010] 	| 13.30 | 37.81 | 12.20 | 38.59 |
[2/1010] 	| 15.94 | 42.89 | 20.24 | 48.31 |
[3/1010] 	| 20.61 | 50.72 | 24.40 | 57.14 |
[4/1010] 	| 23.74 | 56.54 | 28.27 | 62.50 |
[5/1010] 	| 26.82 | 60.69 | 29.07 | 64.68 |
[6/1010] 	| 28.01 | 61.62 | 27.88 | 65.87 |
[7/1010] 	| 28.86 | 63.01 | 29.96 | 66.27 |
[8/1010] 	| 29.83 | 63.69 | 34.52 | 66.96 |
[9/1010] 	| 30.22 | 63.90 | 33.43 | 68.06 |
[10/1010] 	| 31.25 | 66.08 | 32.34 | 65.18 |
[11/1010] 	| 31.67 | 64.78 | 33.43 | 66.47 |
[12/1010] 	| 32.16 | 67.14 | 34.62 | 69.54 |
[13/1010] 	| 33.63 | 67.27 | 35.02 | 68.35 |
[14/1010] 	| 33.80 | 67.27 | 35.81 | 69.74 |
[15/1010] 	| 35.11 | 69.38 | 35.22 | 70.83 |
[16/1010] 	| 35.53 | 70.01 | 35.12 | 71.73 |
[17/1010] 	| 35.99 | 69.61 | 36.51 | 69.64 |
[18/1010] 	| 36.21 | 69.71 | 38.10 | 70.93 |
[19/1010] 	| 36.89 | 70.81 | 39.68 | 71.73 |
[20/1010] 	| 37.94 | 71.30 | 36.61 | 70.63 |
[21/1010] 	| 39.74 | 72.32 | 39.58 | 74.50 |
[22/1010] 	| 38.62 | 72.43 | 37.80 | 72.32 |
[23/1010] 	| 38.73 | 72.70 | 41.37 | 74.31 |
[24/1010] 	| 40.19 | 73.75 | 39.68 | 73.12 |
[25/1010] 	| 39.60 | 73.20 | 39.98 | 74.40 |
[26/1010] 	| 40.83 | 73.50 | 39.09 | 72.22 |
[27/1010] 	| 41.05 | 73.88 | 42.16 | 76.09 |
[28/1010] 	| 38.56 | 71.49 | 29.76 | 62.40 |
[29/1010] 	| 35.35 | 68.61 | 37.30 | 71.83 |
[30/1010] 	| 38.61 | 72.82 | 40.38 | 74.70 |
[31/1010] 	| 40.91 | 73.23 | 38.49 | 72.02 |
[32/1010] 	| 38.92 | 72.26 | 36.31 | 69.84 |
[33/1010] 	| 39.32 | 72.71 | 36.11 | 70.34 |
[34/1010] 	| 40.55 | 73.94 | 41.27 | 76.19 |
[35/1010] 	| 39.41 | 73.63 | 39.68 | 73.21 |
[36/1010] 	| 40.25 | 73.83 | 42.66 | 74.40 |
[37/1010] 	| 40.26 | 73.97 | 39.29 | 74.60 |
[38/1010] 	| 41.73 | 75.27 | 39.58 | 74.31 |
[39/1010] 	| 42.44 | 76.49 | 40.08 | 74.60 |
[40/1010] 	| 42.38 | 75.10 | 41.77 | 74.11 |
[41/1010] 	| 41.87 | 74.94 | 41.17 | 74.80 |
[42/1010] 	| 44.34 | 76.37 | 39.68 | 73.41 |
[43/1010] 	| 44.08 | 75.82 | 40.67 | 75.79 |
[44/1010] 	| 43.49 | 76.16 | 41.96 | 72.92 |
[45/1010] 	| 43.68 | 76.82 | 41.17 | 73.91 |
[46/1010] 	| 44.64 | 75.87 | 42.16 | 74.90 |
[47/1010] 	| 44.22 | 76.56 | 42.16 | 75.20 |
[48/1010] 	| 44.62 | 76.76 | 42.36 | 75.99 |
[49/1010] 	| 44.18 | 76.35 | 44.05 | 75.69 |
[50/1010] 	| 44.57 | 77.06 | 43.35 | 74.40 |
[51/1010] 	| 44.35 | 77.08 | 41.67 | 76.59 |
[52/1010] 	| 45.81 | 77.81 | 43.65 | 76.29 |
[53/1010] 	| 45.34 | 77.66 | 43.55 | 74.40 |
[54/1010] 	| 46.71 | 78.61 | 41.67 | 76.29 |
[55/1010] 	| 45.27 | 77.67 | 43.06 | 76.39 |
[56/1010] 	| 46.04 | 77.40 | 43.25 | 75.79 |
[57/1010] 	| 45.97 | 78.47 | 39.29 | 73.61 |
[58/1010] 	| 47.32 | 78.35 | 44.54 | 76.98 |
[59/1010] 	| 46.94 | 77.81 | 43.55 | 76.88 |
[60/1010] 	| 45.22 | 77.64 | 43.06 | 76.29 |
[61/1010] 	| 48.18 | 79.20 | 42.76 | 76.98 |
[62/1010] 	| 48.13 | 79.31 | 41.17 | 75.50 |
[63/1010] 	| 47.19 | 79.63 | 42.66 | 77.68 |
[64/1010] 	| 47.63 | 79.84 | 42.56 | 76.39 |
[65/1010] 	| 42.85 | 75.17 | 39.29 | 70.54 |
[66/1010] 	| 44.12 | 76.72 | 39.88 | 71.92 |
[67/1010] 	| 42.58 | 75.06 | 42.56 | 77.08 |
[68/1010] 	| 46.22 | 78.45 | 43.65 | 75.30 |
[69/1010] 	| 44.54 | 77.40 | 45.54 | 76.79 |
[70/1010] 	| 46.74 | 79.07 | 43.15 | 73.31 |
[71/1010] 	| 46.22 | 78.49 | 45.04 | 76.39 |
[72/1010] 	| 44.38 | 76.67 | 45.54 | 76.49 |
[73/1010] 	| 47.86 | 78.66 | 42.76 | 76.79 |
[74/1010] 	| 48.45 | 79.54 | 41.87 | 74.11 |
[75/1010] 	| 46.73 | 78.76 | 42.46 | 75.40 |
[76/1010] 	| 48.00 | 80.20 | 44.74 | 78.08 |
[77/1010] 	| 48.49 | 79.85 | 41.87 | 74.70 |
[78/1010] 	| 38.17 | 69.73 | 31.94 | 62.60 |
[79/1010] 	| 32.65 | 65.77 | 34.42 | 63.79 |
[80/1010] 	| 36.02 | 68.62 | 37.80 | 67.66 |
[81/1010] 	| 36.60 | 69.83 | 39.38 | 68.95 |
[82/1010] 	| 37.94 | 71.05 | 41.57 | 70.34 |
[83/1010] 	| 37.08 | 70.37 | 41.47 | 72.32 |
[84/1010] 	| 38.53 | 71.16 | 39.68 | 71.03 |
[85/1010] 	| 38.67 | 71.03 | 39.58 | 71.33 |
[86/1010] 	| 39.98 | 73.20 | 42.66 | 71.73 |
[87/1010] 	| 40.91 | 74.38 | 39.09 | 72.42 |
[88/1010] 	| 41.11 | 73.63 | 41.17 | 73.41 |
[89/1010] 	| 41.49 | 74.27 | 43.06 | 74.11 |
[90/1010] 	| 42.94 | 74.87 | 40.48 | 73.51 |
[91/1010] 	| 42.57 | 75.34 | 41.37 | 71.83 |
[92/1010] 	| 42.39 | 75.12 | 41.77 | 74.01 |
[93/1010] 	| 43.73 | 76.37 | 41.77 | 71.23 |
[94/1010] 	| 42.93 | 76.23 | 42.16 | 73.71 |
[95/1010] 	| 45.48 | 77.20 | 44.35 | 76.98 |
[96/1010] 	| 44.70 | 77.55 | 43.95 | 75.30 |
[97/1010] 	| 45.66 | 77.11 | 41.07 | 75.40 |
[98/1010] 	| 45.06 | 77.59 | 45.44 | 77.18 |
[99/1010] 	| 46.11 | 78.06 | 45.83 | 77.18 |
[100/1010] 	| 46.16 | 78.01 | 44.94 | 77.88 |
[101/1010] 	| 46.59 | 78.63 | 44.84 | 77.28 |
[102/1010] 	| 47.49 | 79.13 | 45.24 | 74.21 |
[103/1010] 	| 47.19 | 79.24 | 46.43 | 76.98 |
[104/1010] 	| 47.60 | 79.60 | 46.92 | 79.56 |
[105/1010] 	| 48.57 | 79.56 | 45.73 | 76.79 |
[106/1010] 	| 48.79 | 80.62 | 44.15 | 75.60 |
[107/1010] 	| 48.77 | 80.25 | 45.83 | 78.08 |
[108/1010] 	| 48.87 | 80.39 | 44.64 | 75.89 |
[109/1010] 	| 49.09 | 79.99 | 48.21 | 80.06 |
[110/1010] 	| 48.93 | 80.53 | 48.51 | 77.28 |
[111/1010] 	| 49.51 | 80.59 | 48.02 | 79.07 |
[112/1010] 	| 49.77 | 81.02 | 46.23 | 79.66 |
[113/1010] 	| 50.40 | 82.01 | 47.12 | 79.86 |
[114/1010] 	| 50.56 | 81.56 | 48.61 | 79.17 |
[115/1010] 	| 51.32 | 81.98 | 49.60 | 78.67 |
[116/1010] 	| 51.56 | 81.87 | 49.90 | 80.65 |
[117/1010] 	| 51.97 | 82.21 | 50.60 | 78.08 |
[118/1010] 	| 51.40 | 81.81 | 49.31 | 78.37 |
[119/1010] 	| 52.01 | 82.53 | 49.50 | 79.46 |
[120/1010] 	| 52.04 | 83.29 | 48.61 | 81.25 |
[121/1010] 	| 52.55 | 82.88 | 48.91 | 81.45 |
[122/1010] 	| 52.61 | 82.92 | 50.69 | 79.56 |
[123/1010] 	| 52.16 | 82.48 | 49.80 | 79.37 |
[124/1010] 	| 53.79 | 83.31 | 48.61 | 79.76 |
[125/1010] 	| 54.00 | 83.29 | 49.70 | 80.16 |
[126/1010] 	| 53.25 | 83.23 | 50.89 | 80.85 |
[127/1010] 	| 54.64 | 83.49 | 51.59 | 81.05 |
[128/1010] 	| 54.49 | 83.75 | 51.79 | 81.94 |
[129/1010] 	| 54.46 | 84.19 | 48.61 | 79.27 |
[130/1010] 	| 55.62 | 83.53 | 49.90 | 80.06 |
[131/1010] 	| 54.49 | 84.24 | 52.68 | 80.46 |
[132/1010] 	| 55.00 | 83.75 | 50.30 | 79.76 |
[133/1010] 	| 53.94 | 83.27 | 49.60 | 79.27 |
[134/1010] 	| 55.39 | 83.87 | 51.29 | 81.45 |
[135/1010] 	| 55.22 | 84.81 | 50.20 | 80.46 |
[136/1010] 	| 55.83 | 84.63 | 50.50 | 81.55 |
[137/1010] 	| 55.28 | 84.58 | 51.79 | 80.56 |
[138/1010] 	| 56.25 | 85.15 | 50.40 | 80.56 |
[139/1010] 	| 56.18 | 85.31 | 50.10 | 81.15 |
[140/1010] 	| 56.78 | 85.69 | 51.09 | 79.76 |
[141/1010] 	| 56.52 | 85.05 | 52.48 | 79.37 |
[142/1010] 	| 57.50 | 85.09 | 47.82 | 79.07 |
[143/1010] 	| 56.74 | 85.52 | 51.49 | 81.75 |
[144/1010] 	| 57.68 | 85.79 | 50.10 | 81.65 |
[145/1010] 	| 57.61 | 85.70 | 50.89 | 80.46 |
[146/1010] 	| 57.55 | 85.78 | 51.19 | 81.45 |
[147/1010] 	| 59.12 | 85.99 | 51.69 | 80.65 |
[148/1010] 	| 58.69 | 85.67 | 50.79 | 81.94 |
[149/1010] 	| 58.16 | 86.04 | 49.40 | 79.66 |
[150/1010] 	| 58.26 | 86.38 | 52.48 | 80.26 |
[151/1010] 	| 59.01 | 86.94 | 54.07 | 82.34 |
[152/1010] 	| 58.87 | 86.75 | 50.79 | 79.56 |
[153/1010] 	| 58.03 | 86.34 | 50.10 | 81.65 |
[154/1010] 	| 59.12 | 86.99 | 50.20 | 80.85 |
[155/1010] 	| 59.29 | 87.30 | 52.48 | 83.53 |
[156/1010] 	| 59.83 | 87.04 | 52.08 | 81.45 |
[157/1010] 	| 58.74 | 86.67 | 51.09 | 80.95 |
[158/1010] 	| 59.99 | 87.47 | 52.58 | 81.25 |
[159/1010] 	| 60.35 | 87.86 | 50.00 | 82.94 |
[160/1010] 	| 59.91 | 87.86 | 53.27 | 82.74 |
[161/1010] 	| 60.08 | 87.54 | 53.87 | 81.45 |
[162/1010] 	| 61.09 | 88.07 | 50.10 | 80.75 |
[163/1010] 	| 59.24 | 86.87 | 50.69 | 80.46 |
[164/1010] 	| 60.25 | 87.39 | 49.11 | 81.45 |
[165/1010] 	| 61.30 | 87.52 | 49.80 | 81.55 |
[166/1010] 	| 60.80 | 87.66 | 53.37 | 84.13 |
[167/1010] 	| 61.75 | 88.00 | 51.98 | 81.05 |
[168/1010] 	| 61.43 | 87.84 | 53.97 | 82.44 |
[169/1010] 	| 61.80 | 88.19 | 51.98 | 82.44 |
[170/1010] 	| 61.15 | 87.97 | 54.96 | 82.74 |
[171/1010] 	| 61.63 | 88.40 | 51.39 | 82.74 |
[172/1010] 	| 60.64 | 87.64 | 53.87 | 82.84 |
[173/1010] 	| 61.73 | 88.30 | 53.97 | 80.36 |
[174/1010] 	| 62.23 | 88.30 | 53.08 | 83.23 |
[175/1010] 	| 61.18 | 87.78 | 51.59 | 80.65 |
[176/1010] 	| 61.57 | 88.23 | 54.37 | 82.04 |
[177/1010] 	| 62.48 | 88.40 | 54.56 | 82.24 |
[178/1010] 	| 62.30 | 88.87 | 52.98 | 80.85 |
[179/1010] 	| 62.20 | 88.19 | 54.07 | 82.54 |
[180/1010] 	| 63.09 | 88.95 | 53.97 | 81.25 |
[181/1010] 	| 62.14 | 88.10 | 53.77 | 82.04 |
[182/1010] 	| 62.87 | 88.78 | 52.08 | 81.94 |
[183/1010] 	| 64.05 | 88.81 | 50.00 | 80.46 |
[184/1010] 	| 62.60 | 88.95 | 53.17 | 81.94 |
[185/1010] 	| 63.08 | 88.43 | 54.66 | 82.44 |
[186/1010] 	| 63.01 | 89.38 | 51.59 | 82.44 |
[187/1010] 	| 62.52 | 88.50 | 53.87 | 83.93 |
[188/1010] 	| 62.57 | 88.86 | 54.56 | 81.45 |
[189/1010] 	| 63.33 | 89.36 | 53.17 | 80.56 |
[190/1010] 	| 63.72 | 89.54 | 50.79 | 84.33 |
[191/1010] 	| 64.54 | 89.67 | 52.98 | 84.62 |
[192/1010] 	| 64.40 | 89.38 | 54.17 | 82.54 |
[193/1010] 	| 65.14 | 90.04 | 54.07 | 82.04 |
[194/1010] 	| 63.07 | 88.49 | 51.29 | 80.16 |
[195/1010] 	| 63.56 | 89.21 | 51.09 | 81.25 |
[196/1010] 	| 64.47 | 89.75 | 54.46 | 81.35 |
[197/1010] 	| 64.32 | 89.54 | 52.48 | 82.64 |
[198/1010] 	| 64.71 | 89.86 | 52.58 | 81.55 |
[199/1010] 	| 64.31 | 89.54 | 51.98 | 81.45 |
[200/1010] 	| 64.60 | 89.25 | 51.09 | 80.65 |
[201/1010] 	| 63.45 | 89.01 | 55.95 | 82.74 |
[202/1010] 	| 64.44 | 89.64 | 52.68 | 81.75 |
[203/1010] 	| 64.70 | 89.64 | 53.77 | 82.54 |
[204/1010] 	| 65.32 | 90.05 | 54.86 | 82.54 |
[205/1010] 	| 64.30 | 89.50 | 50.89 | 81.45 |
[206/1010] 	| 65.12 | 89.87 | 54.37 | 81.85 |
[207/1010] 	| 65.12 | 90.24 | 54.17 | 81.94 |
[208/1010] 	| 64.97 | 89.61 | 52.38 | 82.74 |
[209/1010] 	| 62.13 | 88.89 | 53.97 | 82.74 |
[210/1010] 	| 62.84 | 88.83 | 52.28 | 82.94 |
[211/1010] 	| 65.20 | 89.84 | 52.08 | 81.35 |
[212/1010] 	| 65.55 | 89.92 | 54.46 | 81.65 |
[213/1010] 	| 64.75 | 89.57 | 49.31 | 82.24 |
[214/1010] 	| 65.27 | 89.87 | 55.06 | 83.04 |
[215/1010] 	| 65.46 | 89.91 | 55.36 | 81.25 |
[216/1010] 	| 65.10 | 90.19 | 52.58 | 82.34 |
[217/1010] 	| 65.05 | 90.17 | 56.15 | 82.64 |
[218/1010] 	| 63.30 | 89.09 | 54.37 | 84.13 |
[219/1010] 	| 64.62 | 89.98 | 55.06 | 82.54 |
[220/1010] 	| 64.48 | 89.77 | 56.55 | 83.13 |
[221/1010] 	| 64.78 | 89.51 | 54.17 | 83.23 |
[222/1010] 	| 65.42 | 89.77 | 53.47 | 82.44 |
[223/1010] 	| 64.75 | 89.98 | 57.44 | 85.32 |
[224/1010] 	| 66.59 | 90.85 | 53.67 | 83.83 |
[225/1010] 	| 64.81 | 89.59 | 52.68 | 84.23 |
[226/1010] 	| 64.25 | 89.68 | 52.78 | 82.94 |
[227/1010] 	| 65.25 | 90.18 | 56.94 | 84.92 |
[228/1010] 	| 65.34 | 89.80 | 53.97 | 81.85 |
[229/1010] 	| 66.10 | 90.94 | 55.56 | 83.53 |
[230/1010] 	| 65.65 | 90.40 | 55.75 | 83.13 |
[231/1010] 	| 66.07 | 90.84 | 53.97 | 82.94 |
[232/1010] 	| 67.14 | 91.29 | 53.77 | 82.24 |
[233/1010] 	| 67.33 | 91.11 | 55.65 | 84.03 |
[234/1010] 	| 65.99 | 90.57 | 54.27 | 82.54 |
[235/1010] 	| 66.89 | 90.67 | 54.76 | 83.13 |
[236/1010] 	| 66.08 | 90.85 | 57.24 | 83.83 |
[237/1010] 	| 66.46 | 90.61 | 55.85 | 84.23 |
[238/1010] 	| 67.13 | 91.45 | 56.35 | 85.22 |
[239/1010] 	| 67.39 | 91.45 | 51.79 | 80.85 |
[240/1010] 	| 66.89 | 90.83 | 54.66 | 84.52 |
[241/1010] 	| 67.22 | 91.45 | 55.36 | 83.53 |
[242/1010] 	| 67.96 | 91.78 | 54.86 | 82.44 |
[243/1010] 	| 67.63 | 91.36 | 55.95 | 83.04 |
[244/1010] 	| 68.03 | 91.90 | 53.67 | 83.63 |
[245/1010] 	| 67.90 | 91.37 | 52.48 | 83.93 |
[246/1010] 	| 68.31 | 91.76 | 54.96 | 83.43 |
[247/1010] 	| 68.58 | 91.66 | 52.48 | 82.94 |
[248/1010] 	| 68.19 | 92.10 | 53.57 | 83.23 |
[249/1010] 	| 69.31 | 92.54 | 53.97 | 82.54 |
[250/1010] 	| 68.26 | 91.67 | 53.77 | 82.84 |
[251/1010] 	| 68.45 | 91.90 | 54.46 | 82.54 |
[252/1010] 	| 69.57 | 92.00 | 54.07 | 83.73 |
[253/1010] 	| 68.74 | 91.41 | 55.26 | 84.13 |
[254/1010] 	| 69.63 | 92.35 | 55.06 | 81.65 |
[255/1010] 	| 69.83 | 92.65 | 56.55 | 82.84 |
[256/1010] 	| 69.95 | 92.54 | 54.37 | 83.53 |
[257/1010] 	| 69.58 | 92.70 | 56.85 | 83.53 |
[258/1010] 	| 70.05 | 92.65 | 53.08 | 83.13 |
[259/1010] 	| 70.76 | 93.03 | 52.48 | 82.94 |
[260/1010] 	| 69.34 | 92.34 | 51.29 | 84.03 |
[261/1010] 	| 70.13 | 92.86 | 53.77 | 83.53 |
[262/1010] 	| 70.01 | 92.76 | 55.06 | 84.23 |
[263/1010] 	| 70.56 | 93.17 | 55.95 | 81.94 |
[264/1010] 	| 69.43 | 92.75 | 53.47 | 82.74 |
[265/1010] 	| 70.87 | 92.90 | 54.96 | 83.33 |
[266/1010] 	| 69.27 | 92.77 | 54.66 | 85.71 |
[267/1010] 	| 70.82 | 93.10 | 52.98 | 81.15 |
[268/1010] 	| 69.88 | 92.52 | 55.46 | 83.83 |
[269/1010] 	| 72.29 | 93.16 | 56.05 | 85.12 |
[270/1010] 	| 71.60 | 93.69 | 54.17 | 82.84 |
[271/1010] 	| 71.04 | 93.49 | 55.46 | 83.13 |
[272/1010] 	| 71.02 | 93.22 | 54.27 | 84.42 |
[273/1010] 	| 71.49 | 93.59 | 55.56 | 82.74 |
[274/1010] 	| 72.20 | 93.78 | 54.86 | 83.43 |
[275/1010] 	| 72.36 | 93.36 | 54.46 | 84.13 |
[276/1010] 	| 70.94 | 92.33 | 54.46 | 81.75 |
[277/1010] 	| 72.22 | 93.56 | 54.17 | 83.73 |
[278/1010] 	| 72.15 | 94.07 | 53.87 | 81.15 |
[279/1010] 	| 73.49 | 94.62 | 54.86 | 81.35 |
[280/1010] 	| 73.74 | 93.89 | 51.88 | 81.35 |
[281/1010] 	| 71.39 | 93.41 | 54.56 | 82.94 |
[282/1010] 	| 72.74 | 94.16 | 55.06 | 82.84 |
[283/1010] 	| 72.12 | 93.77 | 53.97 | 83.63 |
[284/1010] 	| 71.59 | 93.58 | 54.17 | 82.44 |
[285/1010] 	| 72.98 | 94.41 | 53.57 | 84.23 |
[286/1010] 	| 71.56 | 93.51 | 55.06 | 84.13 |
[287/1010] 	| 72.52 | 93.93 | 54.86 | 83.04 |
[288/1010] 	| 73.44 | 94.66 | 54.27 | 82.24 |
[289/1010] 	| 73.09 | 94.07 | 55.36 | 81.55 |
[290/1010] 	| 73.93 | 94.52 | 54.96 | 82.24 |
[291/1010] 	| 73.22 | 94.32 | 49.70 | 78.67 |
[292/1010] 	| 74.18 | 94.29 | 55.06 | 81.45 |
[293/1010] 	| 73.45 | 94.01 | 54.37 | 83.13 |
[294/1010] 	| 73.55 | 94.43 | 56.85 | 81.45 |
[295/1010] 	| 73.49 | 94.37 | 54.96 | 84.42 |
[296/1010] 	| 74.03 | 94.25 | 55.95 | 82.44 |
[297/1010] 	| 74.29 | 94.14 | 54.37 | 84.52 |
[298/1010] 	| 74.20 | 94.61 | 51.09 | 82.54 |
[299/1010] 	| 74.12 | 94.61 | 55.16 | 82.64 |
