Parameters: 21,070,385
         	|     Train     |      Test     |
         	| Top-1 | Top-3 | Top-1 | Top-3 |
[1/1010] 	| 13.51 | 38.10 | 13.49 | 41.17 |
[2/1010] 	| 15.36 | 42.52 | 20.24 | 47.02 |
[3/1010] 	| 19.61 | 49.68 | 25.69 | 58.04 |
[4/1010] 	| 22.60 | 55.33 | 27.88 | 60.42 |
[5/1010] 	| 25.69 | 59.01 | 28.77 | 61.61 |
[6/1010] 	| 27.21 | 60.28 | 28.57 | 63.29 |
[7/1010] 	| 28.31 | 61.58 | 32.04 | 64.88 |
[8/1010] 	| 28.10 | 62.00 | 31.94 | 66.37 |
[9/1010] 	| 28.45 | 62.19 | 32.04 | 65.97 |
[10/1010] 	| 29.77 | 63.30 | 30.85 | 63.99 |
[11/1010] 	| 29.68 | 62.97 | 33.83 | 68.35 |
[12/1010] 	| 30.36 | 64.12 | 33.93 | 66.77 |
[13/1010] 	| 30.72 | 65.27 | 33.33 | 67.66 |
[14/1010] 	| 31.68 | 65.54 | 32.14 | 65.67 |
[15/1010] 	| 33.21 | 66.93 | 34.23 | 69.44 |
[16/1010] 	| 33.31 | 66.11 | 34.23 | 68.75 |
[17/1010] 	| 33.53 | 66.84 | 37.00 | 68.25 |
[18/1010] 	| 33.75 | 66.45 | 38.19 | 69.44 |
[19/1010] 	| 33.08 | 66.54 | 34.52 | 68.85 |
[20/1010] 	| 31.55 | 64.15 | 31.75 | 65.97 |
[21/1010] 	| 33.46 | 66.07 | 25.50 | 55.46 |
[22/1010] 	| 24.32 | 55.62 | 25.69 | 59.72 |
[23/1010] 	| 26.42 | 58.83 | 31.85 | 66.57 |
[24/1010] 	| 27.49 | 60.83 | 31.05 | 63.59 |
[25/1010] 	| 29.37 | 62.90 | 32.74 | 66.96 |
[26/1010] 	| 30.26 | 64.42 | 33.93 | 67.36 |
[27/1010] 	| 31.31 | 64.95 | 34.62 | 67.06 |
[28/1010] 	| 31.33 | 64.45 | 33.83 | 69.44 |
[29/1010] 	| 32.94 | 65.79 | 33.73 | 67.06 |
[30/1010] 	| 31.51 | 64.74 | 33.13 | 70.34 |
[31/1010] 	| 32.58 | 65.64 | 30.65 | 66.27 |
[32/1010] 	| 30.46 | 64.26 | 31.94 | 68.06 |
[33/1010] 	| 31.81 | 66.08 | 33.23 | 68.35 |
[34/1010] 	| 32.26 | 66.06 | 35.91 | 69.64 |
[35/1010] 	| 32.70 | 66.60 | 35.81 | 68.45 |
[36/1010] 	| 32.74 | 66.36 | 36.41 | 69.54 |
[37/1010] 	| 32.91 | 65.57 | 35.12 | 68.25 |
[38/1010] 	| 33.51 | 66.54 | 36.01 | 68.25 |
[39/1010] 	| 33.83 | 66.37 | 35.52 | 68.85 |
[40/1010] 	| 34.31 | 67.34 | 34.82 | 66.96 |
[41/1010] 	| 33.30 | 65.88 | 34.52 | 67.36 |
[42/1010] 	| 33.71 | 66.55 | 34.13 | 66.57 |
[43/1010] 	| 33.29 | 65.87 | 36.61 | 69.54 |
[44/1010] 	| 32.62 | 65.71 | 31.35 | 65.58 |
[45/1010] 	| 33.97 | 66.51 | 35.12 | 66.37 |
[46/1010] 	| 34.52 | 67.70 | 35.12 | 69.15 |
[47/1010] 	| 35.02 | 67.84 | 38.29 | 70.44 |
[48/1010] 	| 35.02 | 68.00 | 36.31 | 70.83 |
[49/1010] 	| 36.04 | 68.82 | 38.10 | 69.44 |
[50/1010] 	| 35.95 | 68.39 | 36.71 | 69.74 |
[51/1010] 	| 36.51 | 67.80 | 38.99 | 71.53 |
[52/1010] 	| 37.37 | 69.41 | 38.99 | 70.93 |
[53/1010] 	| 37.29 | 69.70 | 38.69 | 70.63 |
[54/1010] 	| 36.63 | 68.72 | 35.71 | 67.76 |
[55/1010] 	| 35.94 | 68.45 | 40.48 | 71.73 |
[56/1010] 	| 37.79 | 69.50 | 40.97 | 72.42 |
[57/1010] 	| 38.30 | 70.60 | 37.90 | 71.23 |
[58/1010] 	| 39.41 | 70.73 | 40.58 | 73.61 |
[59/1010] 	| 39.80 | 71.57 | 40.28 | 74.70 |
[60/1010] 	| 40.06 | 71.43 | 42.66 | 73.91 |
[61/1010] 	| 40.78 | 72.12 | 41.77 | 76.59 |
[62/1010] 	| 41.65 | 73.25 | 43.95 | 76.49 |
[63/1010] 	| 40.80 | 72.38 | 43.75 | 75.69 |
[64/1010] 	| 41.13 | 72.58 | 43.15 | 76.09 |
[65/1010] 	| 42.15 | 73.01 | 42.36 | 75.50 |
[66/1010] 	| 42.90 | 74.30 | 46.53 | 75.99 |
[67/1010] 	| 42.85 | 73.87 | 46.53 | 78.08 |
[68/1010] 	| 43.66 | 74.03 | 45.73 | 76.39 |
[69/1010] 	| 43.98 | 74.79 | 48.12 | 76.49 |
[70/1010] 	| 44.76 | 75.96 | 42.96 | 74.21 |
[71/1010] 	| 45.64 | 75.61 | 48.71 | 77.08 |
[72/1010] 	| 45.24 | 76.12 | 49.80 | 78.17 |
[73/1010] 	| 46.42 | 77.24 | 48.21 | 78.87 |
[74/1010] 	| 46.12 | 76.26 | 50.30 | 78.87 |
[75/1010] 	| 46.52 | 76.94 | 48.02 | 77.08 |
[76/1010] 	| 49.86 | 79.93 | 50.50 | 77.68 |
[77/1010] 	| 50.71 | 80.39 | 49.60 | 78.27 |
[78/1010] 	| 50.43 | 80.66 | 50.50 | 79.96 |
[79/1010] 	| 52.21 | 81.87 | 48.21 | 79.46 |
[80/1010] 	| 52.09 | 82.13 | 50.00 | 78.97 |
[81/1010] 	| 52.60 | 82.26 | 52.58 | 79.27 |
[82/1010] 	| 53.27 | 82.55 | 50.69 | 79.27 |
[83/1010] 	| 53.79 | 83.07 | 53.27 | 81.55 |
[84/1010] 	| 54.84 | 83.42 | 52.28 | 80.26 |
[85/1010] 	| 55.24 | 83.92 | 51.88 | 81.25 |
[86/1010] 	| 55.94 | 83.60 | 54.27 | 82.04 |
[87/1010] 	| 56.31 | 83.97 | 55.85 | 82.34 |
[88/1010] 	| 56.28 | 84.40 | 51.69 | 82.74 |
[89/1010] 	| 56.83 | 84.65 | 53.17 | 83.63 |
[90/1010] 	| 57.87 | 85.05 | 53.87 | 82.94 |
[91/1010] 	| 59.16 | 85.78 | 55.56 | 83.04 |
[92/1010] 	| 58.01 | 85.46 | 53.57 | 83.23 |
[93/1010] 	| 59.07 | 85.79 | 54.66 | 83.33 |
[94/1010] 	| 60.00 | 86.52 | 54.46 | 82.84 |
[95/1010] 	| 59.91 | 86.65 | 56.94 | 84.72 |
[96/1010] 	| 60.97 | 87.03 | 55.26 | 82.44 |
[97/1010] 	| 61.62 | 87.46 | 54.56 | 85.12 |
[98/1010] 	| 61.22 | 87.11 | 56.45 | 83.93 |
[99/1010] 	| 60.88 | 87.26 | 57.24 | 84.33 |
[100/1010] 	| 61.83 | 87.26 | 56.55 | 84.52 |
[101/1010] 	| 62.29 | 87.92 | 55.26 | 83.33 |
[102/1010] 	| 62.59 | 88.21 | 57.34 | 83.93 |
[103/1010] 	| 62.77 | 88.55 | 57.04 | 85.81 |
[104/1010] 	| 63.29 | 88.45 | 58.93 | 86.11 |
[105/1010] 	| 63.76 | 88.68 | 58.04 | 85.22 |
[106/1010] 	| 63.69 | 89.01 | 57.24 | 85.81 |
[107/1010] 	| 63.86 | 89.15 | 60.81 | 84.92 |
[108/1010] 	| 63.63 | 88.40 | 57.64 | 86.11 |
[109/1010] 	| 63.55 | 88.52 | 60.71 | 85.91 |
[110/1010] 	| 63.67 | 88.97 | 58.13 | 84.72 |
[111/1010] 	| 64.89 | 88.35 | 59.52 | 85.81 |
[112/1010] 	| 65.05 | 89.45 | 62.00 | 87.80 |
[113/1010] 	| 66.60 | 90.00 | 59.82 | 86.31 |
[114/1010] 	| 65.38 | 89.69 | 62.30 | 87.30 |
[115/1010] 	| 66.54 | 90.15 | 59.92 | 85.12 |
[116/1010] 	| 66.53 | 90.21 | 61.21 | 86.90 |
[117/1010] 	| 66.95 | 89.91 | 60.52 | 86.01 |
[118/1010] 	| 68.14 | 90.94 | 61.31 | 86.61 |
[119/1010] 	| 67.47 | 90.42 | 61.41 | 87.60 |
[120/1010] 	| 67.57 | 90.93 | 60.62 | 86.21 |
[121/1010] 	| 68.81 | 90.73 | 59.52 | 86.21 |
[122/1010] 	| 69.21 | 91.84 | 60.12 | 87.80 |
[123/1010] 	| 68.52 | 91.68 | 62.30 | 87.30 |
[124/1010] 	| 69.13 | 91.74 | 61.61 | 87.20 |
[125/1010] 	| 69.56 | 91.34 | 62.50 | 86.21 |
[126/1010] 	| 70.10 | 91.48 | 64.38 | 87.00 |
[127/1010] 	| 70.02 | 91.70 | 63.69 | 88.59 |
[128/1010] 	| 71.12 | 92.03 | 62.60 | 87.60 |
[129/1010] 	| 70.89 | 92.23 | 59.13 | 86.81 |
[130/1010] 	| 71.26 | 92.03 | 62.90 | 89.19 |
[131/1010] 	| 70.87 | 92.23 | 63.69 | 86.71 |
[132/1010] 	| 71.23 | 91.88 | 63.00 | 88.29 |
[133/1010] 	| 71.23 | 92.37 | 61.71 | 88.39 |
[134/1010] 	| 71.37 | 92.40 | 62.50 | 88.29 |
[135/1010] 	| 71.98 | 92.68 | 61.61 | 88.10 |
[136/1010] 	| 72.40 | 92.66 | 62.70 | 88.69 |
[137/1010] 	| 72.91 | 92.65 | 63.00 | 87.70 |
[138/1010] 	| 71.82 | 93.05 | 63.99 | 86.90 |
[139/1010] 	| 73.25 | 93.29 | 63.29 | 88.69 |
[140/1010] 	| 73.88 | 93.27 | 64.88 | 88.79 |
[141/1010] 	| 73.49 | 93.19 | 63.99 | 87.10 |
[142/1010] 	| 74.42 | 93.37 | 62.90 | 87.20 |
[143/1010] 	| 74.03 | 93.73 | 64.29 | 88.69 |
[144/1010] 	| 74.56 | 93.42 | 64.19 | 88.89 |
[145/1010] 	| 74.25 | 93.67 | 63.49 | 89.19 |
[146/1010] 	| 75.27 | 93.71 | 63.29 | 88.69 |
[147/1010] 	| 74.83 | 93.81 | 63.29 | 88.69 |
[148/1010] 	| 75.72 | 93.78 | 65.67 | 88.10 |
[149/1010] 	| 75.12 | 93.75 | 61.11 | 87.10 |
[150/1010] 	| 75.20 | 93.88 | 64.58 | 87.40 |
[151/1010] 	| 74.93 | 94.06 | 64.88 | 89.88 |
[152/1010] 	| 75.99 | 94.24 | 62.80 | 88.49 |
[153/1010] 	| 77.20 | 94.41 | 62.70 | 89.19 |
[154/1010] 	| 76.47 | 94.55 | 63.79 | 89.29 |
[155/1010] 	| 76.68 | 94.41 | 65.48 | 88.99 |
[156/1010] 	| 76.31 | 94.91 | 63.49 | 86.51 |
[157/1010] 	| 76.85 | 94.62 | 64.98 | 88.10 |
[158/1010] 	| 77.10 | 94.43 | 67.16 | 89.19 |
[159/1010] 	| 76.78 | 94.32 | 62.50 | 88.79 |
[160/1010] 	| 77.31 | 94.77 | 66.17 | 88.10 |
[161/1010] 	| 77.20 | 94.81 | 64.68 | 87.90 |
[162/1010] 	| 77.44 | 94.77 | 67.46 | 87.60 |
[163/1010] 	| 76.78 | 94.80 | 64.29 | 89.19 |
[164/1010] 	| 77.57 | 94.98 | 64.78 | 87.70 |
[165/1010] 	| 77.88 | 94.85 | 66.07 | 88.29 |
[166/1010] 	| 78.53 | 95.31 | 64.09 | 89.09 |
[167/1010] 	| 77.75 | 95.12 | 64.98 | 87.80 |
[168/1010] 	| 77.71 | 95.00 | 65.77 | 90.08 |
[169/1010] 	| 78.29 | 94.82 | 65.48 | 88.59 |
[170/1010] 	| 78.71 | 95.47 | 65.28 | 86.41 |
[171/1010] 	| 78.29 | 95.51 | 64.48 | 86.90 |
[172/1010] 	| 78.17 | 95.58 | 66.27 | 87.30 |
[173/1010] 	| 78.46 | 95.24 | 65.87 | 88.59 |
[174/1010] 	| 78.55 | 95.48 | 65.08 | 87.30 |
[175/1010] 	| 78.24 | 95.35 | 65.87 | 87.00 |
[176/1010] 	| 78.91 | 95.58 | 64.19 | 87.50 |
[177/1010] 	| 78.66 | 95.25 | 64.48 | 88.10 |
[178/1010] 	| 79.28 | 95.69 | 63.79 | 88.99 |
[179/1010] 	| 79.24 | 95.47 | 65.48 | 87.80 |
[180/1010] 	| 78.81 | 95.52 | 66.96 | 89.48 |
[181/1010] 	| 79.04 | 95.60 | 66.77 | 89.09 |
[182/1010] 	| 79.88 | 95.93 | 66.67 | 89.29 |
[183/1010] 	| 79.17 | 95.52 | 66.47 | 89.38 |
[184/1010] 	| 79.30 | 95.47 | 64.38 | 86.90 |
[185/1010] 	| 79.27 | 95.44 | 66.37 | 89.09 |
[186/1010] 	| 79.92 | 96.10 | 63.39 | 88.19 |
[187/1010] 	| 79.58 | 95.77 | 66.57 | 88.99 |
[188/1010] 	| 79.98 | 95.95 | 66.07 | 87.90 |
[189/1010] 	| 80.04 | 95.99 | 65.67 | 88.39 |
[190/1010] 	| 79.68 | 96.13 | 64.98 | 90.28 |
[191/1010] 	| 80.13 | 96.19 | 67.06 | 87.80 |
[192/1010] 	| 79.95 | 96.16 | 64.88 | 87.20 |
[193/1010] 	| 80.00 | 95.85 | 65.18 | 88.79 |
[194/1010] 	| 80.39 | 96.00 | 64.19 | 88.69 |
[195/1010] 	| 81.15 | 96.35 | 64.58 | 88.59 |
[196/1010] 	| 80.04 | 95.77 | 66.96 | 88.89 |
[197/1010] 	| 81.17 | 96.39 | 65.87 | 87.90 |
[198/1010] 	| 79.58 | 95.84 | 65.18 | 89.38 |
[199/1010] 	| 80.38 | 95.96 | 64.09 | 88.79 |
[200/1010] 	| 81.31 | 96.34 | 64.58 | 88.39 |
[201/1010] 	| 81.06 | 96.20 | 66.77 | 89.09 |
[202/1010] 	| 80.58 | 96.29 | 64.78 | 88.59 |
[203/1010] 	| 80.82 | 96.22 | 65.28 | 88.59 |
[204/1010] 	| 81.61 | 96.46 | 64.48 | 87.80 |
[205/1010] 	| 80.93 | 96.19 | 64.38 | 88.19 |
[206/1010] 	| 80.96 | 96.16 | 65.08 | 88.69 |
[207/1010] 	| 80.54 | 96.03 | 64.68 | 88.19 |
[208/1010] 	| 80.54 | 95.75 | 65.58 | 89.09 |
[209/1010] 	| 81.26 | 95.96 | 65.28 | 88.69 |
[210/1010] 	| 79.93 | 95.90 | 64.98 | 89.38 |
[211/1010] 	| 81.11 | 95.74 | 63.99 | 88.69 |
[212/1010] 	| 79.54 | 95.65 | 65.87 | 88.79 |
[213/1010] 	| 80.56 | 96.25 | 64.48 | 88.99 |
[214/1010] 	| 80.79 | 96.15 | 66.96 | 89.88 |
[215/1010] 	| 81.61 | 96.33 | 63.99 | 87.40 |
[216/1010] 	| 81.42 | 96.53 | 64.29 | 87.70 |
[217/1010] 	| 82.08 | 96.59 | 65.87 | 88.00 |
[218/1010] 	| 82.16 | 96.92 | 68.25 | 89.68 |
[219/1010] 	| 81.93 | 96.63 | 66.27 | 88.89 |
[220/1010] 	| 81.16 | 96.67 | 65.18 | 89.58 |
[221/1010] 	| 81.72 | 96.64 | 66.37 | 89.09 |
[222/1010] 	| 81.64 | 96.47 | 66.17 | 88.10 |
[223/1010] 	| 81.42 | 96.22 | 67.56 | 88.69 |
[224/1010] 	| 82.22 | 96.77 | 66.67 | 89.19 |
[225/1010] 	| 81.81 | 96.65 | 64.68 | 90.48 |
[226/1010] 	| 82.12 | 96.43 | 63.99 | 88.69 |
[227/1010] 	| 82.18 | 96.64 | 64.98 | 89.38 |
[228/1010] 	| 82.57 | 96.76 | 65.08 | 88.00 |
[229/1010] 	| 82.07 | 96.75 | 67.36 | 89.88 |
[230/1010] 	| 83.36 | 97.01 | 65.38 | 88.49 |
[231/1010] 	| 82.41 | 96.75 | 65.48 | 88.10 |
[232/1010] 	| 82.98 | 96.74 | 64.88 | 88.00 |
[233/1010] 	| 82.77 | 96.81 | 66.96 | 88.10 |
[234/1010] 	| 82.48 | 96.52 | 64.29 | 86.41 |
[235/1010] 	| 82.50 | 96.72 | 63.69 | 87.10 |
[236/1010] 	| 82.01 | 96.51 | 67.86 | 87.90 |
[237/1010] 	| 82.47 | 96.91 | 65.08 | 87.80 |
[238/1010] 	| 83.85 | 97.43 | 64.58 | 88.89 |
[239/1010] 	| 83.45 | 97.04 | 65.38 | 89.68 |
[240/1010] 	| 82.48 | 96.95 | 66.57 | 89.19 |
[241/1010] 	| 84.05 | 96.98 | 67.26 | 89.38 |
[242/1010] 	| 83.99 | 96.96 | 63.79 | 87.00 |
[243/1010] 	| 82.58 | 96.71 | 63.10 | 88.10 |
[244/1010] 	| 83.67 | 97.08 | 65.87 | 88.79 |
[245/1010] 	| 83.55 | 97.13 | 66.17 | 86.71 |
[246/1010] 	| 83.52 | 97.23 | 65.08 | 88.19 |
[247/1010] 	| 82.85 | 97.35 | 65.58 | 87.70 |
[248/1010] 	| 83.93 | 97.40 | 66.37 | 89.58 |
[249/1010] 	| 83.56 | 97.12 | 66.37 | 87.20 |
[250/1010] 	| 83.82 | 97.56 | 66.47 | 88.39 |
[251/1010] 	| 84.29 | 97.33 | 64.38 | 89.58 |
[252/1010] 	| 84.60 | 97.46 | 65.18 | 88.89 |
[253/1010] 	| 84.30 | 97.41 | 67.06 | 88.49 |
[254/1010] 	| 84.27 | 97.13 | 66.17 | 88.29 |
[255/1010] 	| 83.11 | 96.77 | 67.46 | 88.69 |
[256/1010] 	| 84.36 | 97.61 | 65.97 | 88.39 |
[257/1010] 	| 83.29 | 97.34 | 64.19 | 87.80 |
[258/1010] 	| 83.23 | 97.05 | 66.57 | 88.69 |
[259/1010] 	| 83.55 | 97.30 | 66.57 | 88.99 |
[260/1010] 	| 84.64 | 97.40 | 63.79 | 87.10 |
[261/1010] 	| 83.95 | 97.13 | 65.87 | 87.10 |
[262/1010] 	| 85.43 | 97.50 | 65.58 | 89.09 |
[263/1010] 	| 84.71 | 97.65 | 63.49 | 87.30 |
[264/1010] 	| 83.56 | 97.22 | 64.09 | 88.00 |
[265/1010] 	| 83.95 | 97.31 | 63.89 | 87.60 |
[266/1010] 	| 84.39 | 97.56 | 66.57 | 88.99 |
[267/1010] 	| 84.78 | 97.52 | 64.68 | 87.00 |
[268/1010] 	| 84.76 | 97.45 | 64.68 | 87.10 |
[269/1010] 	| 84.32 | 97.43 | 64.58 | 88.39 |
[270/1010] 	| 85.21 | 97.49 | 65.38 | 87.70 |
[271/1010] 	| 85.38 | 97.33 | 64.78 | 87.10 |
[272/1010] 	| 85.13 | 97.59 | 63.00 | 87.60 |
[273/1010] 	| 85.23 | 97.70 | 63.99 | 88.79 |
[274/1010] 	| 85.44 | 97.71 | 66.87 | 89.78 |
[275/1010] 	| 85.62 | 97.44 | 64.48 | 89.68 |
[276/1010] 	| 85.09 | 97.71 | 64.78 | 88.10 |
[277/1010] 	| 85.64 | 97.63 | 65.97 | 88.49 |
[278/1010] 	| 85.31 | 97.52 | 66.37 | 87.60 |
[279/1010] 	| 84.88 | 97.71 | 64.19 | 88.19 |
[280/1010] 	| 85.64 | 97.79 | 62.80 | 86.61 |
[281/1010] 	| 85.31 | 97.73 | 65.18 | 88.39 |
[282/1010] 	| 85.40 | 97.73 | 65.67 | 87.70 |
[283/1010] 	| 83.55 | 97.06 | 64.09 | 88.69 |
[284/1010] 	| 85.83 | 97.70 | 65.38 | 88.29 |
[285/1010] 	| 85.26 | 97.79 | 66.77 | 88.59 |
[286/1010] 	| 85.50 | 97.49 | 63.89 | 87.50 |
[287/1010] 	| 84.70 | 97.59 | 64.58 | 89.29 |
[288/1010] 	| 84.90 | 97.93 | 64.98 | 87.40 |
[289/1010] 	| 85.92 | 98.11 | 65.67 | 88.00 |
[290/1010] 	| 86.35 | 97.79 | 66.17 | 88.99 |
[291/1010] 	| 85.38 | 97.30 | 63.59 | 87.10 |
[292/1010] 	| 86.42 | 98.04 | 64.19 | 87.10 |
[293/1010] 	| 85.75 | 97.60 | 67.56 | 89.88 |
[294/1010] 	| 86.32 | 97.93 | 66.27 | 89.19 |
[295/1010] 	| 87.23 | 98.08 | 65.28 | 88.79 |
[296/1010] 	| 86.43 | 97.95 | 65.97 | 85.62 |
[297/1010] 	| 86.04 | 97.79 | 65.67 | 89.48 |
[298/1010] 	| 86.81 | 98.12 | 67.26 | 88.19 |
[299/1010] 	| 86.08 | 97.89 | 66.27 | 87.40 |
[300/1010] 	| 87.01 | 97.82 | 66.37 | 87.70 |
[301/1010] 	| 85.13 | 97.63 | 67.76 | 88.39 |
[302/1010] 	| 86.79 | 97.78 | 64.78 | 87.90 |
[303/1010] 	| 87.29 | 98.06 | 66.37 | 88.89 |
[304/1010] 	| 86.83 | 98.05 | 66.57 | 89.09 |
[305/1010] 	| 86.85 | 97.84 | 65.48 | 87.70 |
[306/1010] 	| 86.77 | 98.09 | 67.46 | 89.09 |
[307/1010] 	| 87.06 | 98.34 | 65.58 | 89.19 |
[308/1010] 	| 86.50 | 98.01 | 65.67 | 88.39 |
[309/1010] 	| 86.85 | 98.08 | 66.17 | 88.49 |
[310/1010] 	| 86.58 | 97.99 | 67.36 | 89.19 |
[311/1010] 	| 87.03 | 97.84 | 63.79 | 88.19 |
[312/1010] 	| 87.81 | 98.32 | 67.86 | 88.10 |
[313/1010] 	| 87.00 | 98.19 | 65.97 | 88.49 |
[314/1010] 	| 87.43 | 98.23 | 65.87 | 87.60 |
[315/1010] 	| 86.28 | 98.08 | 62.20 | 87.10 |
[316/1010] 	| 87.12 | 98.21 | 66.17 | 88.69 |
[317/1010] 	| 87.30 | 98.21 | 65.67 | 87.10 |
[318/1010] 	| 87.60 | 98.41 | 63.39 | 87.00 |
[319/1010] 	| 86.49 | 97.99 | 66.27 | 88.19 |
[320/1010] 	| 86.99 | 97.92 | 67.76 | 87.30 |
[321/1010] 	| 87.09 | 98.11 | 68.15 | 88.99 |
[322/1010] 	| 87.24 | 98.13 | 66.37 | 88.59 |
[323/1010] 	| 87.08 | 98.17 | 66.07 | 88.89 |
[324/1010] 	| 87.27 | 98.01 | 65.08 | 88.59 |
[325/1010] 	| 88.17 | 98.03 | 67.26 | 88.00 |
[326/1010] 	| 88.57 | 98.28 | 65.28 | 87.80 |
[327/1010] 	| 87.98 | 98.32 | 65.67 | 89.19 |
[328/1010] 	| 86.82 | 98.08 | 66.47 | 87.70 |
[329/1010] 	| 87.66 | 98.22 | 65.67 | 87.80 |
[330/1010] 	| 88.20 | 98.23 | 66.87 | 88.10 |
[331/1010] 	| 88.06 | 98.33 | 65.87 | 87.20 |
[332/1010] 	| 87.50 | 98.15 | 66.27 | 88.10 |
[333/1010] 	| 88.50 | 98.35 | 65.38 | 89.88 |
[334/1010] 	| 89.21 | 98.47 | 65.97 | 87.10 |
[335/1010] 	| 88.73 | 98.58 | 66.67 | 88.00 |
[336/1010] 	| 88.98 | 98.23 | 65.58 | 86.31 |
[337/1010] 	| 89.44 | 98.51 | 66.17 | 89.48 |
[338/1010] 	| 88.08 | 98.41 | 65.38 | 88.39 |
[339/1010] 	| 87.26 | 98.10 | 64.98 | 87.90 |
[340/1010] 	| 88.58 | 98.12 | 64.48 | 86.41 |
[341/1010] 	| 87.91 | 98.34 | 64.09 | 86.90 |
[342/1010] 	| 88.78 | 98.48 | 63.89 | 86.21 |
[343/1010] 	| 88.02 | 98.29 | 67.46 | 87.30 |
[344/1010] 	| 89.20 | 98.60 | 67.06 | 89.09 |
[345/1010] 	| 89.17 | 98.58 | 65.67 | 87.80 |
[346/1010] 	| 88.51 | 98.41 | 62.20 | 87.30 |
[347/1010] 	| 88.32 | 98.49 | 66.47 | 88.79 |
[348/1010] 	| 89.50 | 98.43 | 64.38 | 88.00 |
[349/1010] 	| 88.77 | 98.63 | 63.69 | 88.59 |
[350/1010] 	| 88.68 | 98.44 | 64.88 | 89.78 |
[351/1010] 	| 89.49 | 98.62 | 65.18 | 87.40 |
[352/1010] 	| 89.21 | 98.62 | 62.70 | 86.81 |
[353/1010] 	| 88.32 | 98.35 | 65.77 | 89.98 |
[354/1010] 	| 88.50 | 98.33 | 65.28 | 88.00 |
[355/1010] 	| 89.29 | 98.39 | 64.19 | 85.91 |
[356/1010] 	| 89.31 | 98.52 | 65.87 | 87.90 |
[357/1010] 	| 88.89 | 98.53 | 65.67 | 89.19 |
[358/1010] 	| 87.68 | 98.39 | 64.48 | 85.71 |
[359/1010] 	| 88.88 | 98.43 | 65.58 | 87.40 |
[360/1010] 	| 89.68 | 98.65 | 66.57 | 88.29 |
[361/1010] 	| 89.41 | 98.72 | 65.58 | 88.59 |
[362/1010] 	| 90.58 | 98.82 | 65.38 | 88.29 |
[363/1010] 	| 88.72 | 98.62 | 66.77 | 87.80 |
[364/1010] 	| 88.80 | 98.43 | 67.06 | 87.90 |
[365/1010] 	| 89.25 | 98.73 | 67.06 | 88.00 |
[366/1010] 	| 87.39 | 98.20 | 65.77 | 89.38 |
[367/1010] 	| 88.27 | 98.23 | 65.58 | 88.49 |
[368/1010] 	| 88.91 | 98.25 | 66.17 | 89.09 |
[369/1010] 	| 89.75 | 98.48 | 66.67 | 88.49 |
[370/1010] 	| 89.11 | 98.67 | 64.29 | 86.41 |
[371/1010] 	| 90.48 | 98.64 | 64.98 | 86.31 |
[372/1010] 	| 89.50 | 98.81 | 64.19 | 87.60 |
[373/1010] 	| 89.87 | 98.69 | 65.77 | 87.30 |
[374/1010] 	| 89.48 | 98.69 | 64.58 | 88.59 |
[375/1010] 	| 90.50 | 98.82 | 65.87 | 87.50 |
[376/1010] 	| 89.37 | 98.41 | 65.08 | 88.29 |
[377/1010] 	| 89.74 | 98.88 | 65.38 | 87.30 |
[378/1010] 	| 89.99 | 98.62 | 64.98 | 86.81 |
[379/1010] 	| 89.95 | 98.77 | 64.88 | 86.71 |
[380/1010] 	| 89.71 | 98.52 | 64.09 | 87.80 |
[381/1010] 	| 90.10 | 98.50 | 66.17 | 89.48 |
[382/1010] 	| 90.32 | 98.83 | 66.47 | 86.51 |
[383/1010] 	| 89.88 | 98.68 | 65.77 | 88.69 |
[384/1010] 	| 90.76 | 99.07 | 66.67 | 87.50 |
[385/1010] 	| 90.54 | 98.91 | 65.77 | 88.59 |
[386/1010] 	| 90.05 | 98.79 | 68.06 | 87.30 |
[387/1010] 	| 89.82 | 98.64 | 64.29 | 87.10 |
[388/1010] 	| 89.58 | 98.81 | 66.07 | 87.50 |
[389/1010] 	| 90.61 | 98.83 | 65.58 | 87.80 |
[390/1010] 	| 90.27 | 98.61 | 64.98 | 88.39 |
[391/1010] 	| 90.31 | 98.72 | 65.97 | 87.80 |
[392/1010] 	| 89.69 | 98.82 | 67.46 | 89.88 |
[393/1010] 	| 90.65 | 98.87 | 64.09 | 86.51 |
[394/1010] 	| 90.45 | 98.84 | 65.48 | 86.81 |
[395/1010] 	| 90.58 | 98.97 | 65.58 | 88.69 |
[396/1010] 	| 90.95 | 99.05 | 64.38 | 87.80 |
[397/1010] 	| 90.05 | 98.85 | 66.07 | 88.69 |
[398/1010] 	| 90.35 | 98.79 | 67.16 | 87.60 |
[399/1010] 	| 90.08 | 98.88 | 67.86 | 87.80 |
[400/1010] 	| 90.09 | 98.80 | 65.08 | 89.19 |
[401/1010] 	| 90.99 | 98.98 | 65.77 | 87.30 |
[402/1010] 	| 90.75 | 98.92 | 64.19 | 87.20 |
[403/1010] 	| 90.50 | 98.73 | 65.48 | 88.49 |
[404/1010] 	| 90.21 | 98.78 | 65.08 | 87.70 |
[405/1010] 	| 91.69 | 99.01 | 65.38 | 86.71 |
[406/1010] 	| 90.73 | 98.68 | 66.27 | 87.70 |
[407/1010] 	| 89.96 | 98.70 | 65.18 | 87.10 |
[408/1010] 	| 91.20 | 98.89 | 64.09 | 88.69 |
[409/1010] 	| 90.71 | 99.01 | 64.88 | 89.09 |
[410/1010] 	| 91.68 | 98.87 | 65.58 | 88.00 |
[411/1010] 	| 90.94 | 98.85 | 63.89 | 87.30 |
[412/1010] 	| 91.79 | 99.07 | 65.58 | 87.10 |
[413/1010] 	| 90.80 | 98.95 | 64.38 | 86.31 |
[414/1010] 	| 90.91 | 98.89 | 67.26 | 86.81 |
[415/1010] 	| 91.53 | 98.98 | 66.47 | 87.60 |
[416/1010] 	| 91.55 | 98.95 | 66.57 | 87.40 |
[417/1010] 	| 91.27 | 98.90 | 65.58 | 86.71 |
[418/1010] 	| 92.10 | 99.05 | 64.29 | 86.21 |
[419/1010] 	| 91.90 | 99.02 | 62.10 | 85.52 |
[420/1010] 	| 90.67 | 98.92 | 66.67 | 88.39 |
[421/1010] 	| 91.18 | 98.98 | 66.17 | 88.39 |
[422/1010] 	| 91.21 | 98.87 | 65.97 | 87.20 |
[423/1010] 	| 91.65 | 98.98 | 65.87 | 89.38 |
[424/1010] 	| 91.61 | 98.98 | 65.87 | 88.99 |
[425/1010] 	| 91.48 | 99.03 | 65.18 | 89.19 |
[426/1010] 	| 92.16 | 99.04 | 66.37 | 87.70 |
[427/1010] 	| 91.57 | 98.89 | 65.77 | 88.99 |
[428/1010] 	| 91.98 | 99.21 | 65.87 | 87.90 |
[429/1010] 	| 91.85 | 99.21 | 64.98 | 88.19 |
[430/1010] 	| 92.48 | 99.07 | 66.57 | 89.38 |
[431/1010] 	| 91.75 | 99.17 | 64.38 | 86.90 |
[432/1010] 	| 91.43 | 98.84 | 66.07 | 88.29 |
[433/1010] 	| 91.95 | 99.02 | 64.19 | 85.71 |
[434/1010] 	| 91.89 | 99.01 | 64.58 | 87.90 |
[435/1010] 	| 91.75 | 99.04 | 62.60 | 86.81 |
[436/1010] 	| 92.47 | 99.08 | 66.77 | 86.81 |
[437/1010] 	| 92.82 | 99.18 | 63.99 | 88.59 |
[438/1010] 	| 92.34 | 99.09 | 65.18 | 87.30 |
[439/1010] 	| 91.54 | 99.03 | 65.97 | 87.10 |
[440/1010] 	| 92.83 | 99.21 | 64.88 | 86.71 |
[441/1010] 	| 92.44 | 99.19 | 65.48 | 88.10 |
[442/1010] 	| 92.69 | 98.95 | 64.98 | 86.41 |
[443/1010] 	| 91.28 | 98.87 | 66.07 | 87.90 |
[444/1010] 	| 92.88 | 99.23 | 66.67 | 88.29 |
[445/1010] 	| 92.29 | 99.11 | 61.31 | 86.61 |
[446/1010] 	| 91.97 | 99.05 | 67.26 | 89.09 |
[447/1010] 	| 92.09 | 99.12 | 66.07 | 88.49 |
[448/1010] 	| 92.14 | 99.18 | 64.98 | 86.90 |
[449/1010] 	| 92.88 | 99.02 | 65.38 | 87.80 |
[450/1010] 	| 93.17 | 99.10 | 65.77 | 87.70 |
[451/1010] 	| 92.83 | 99.01 | 65.08 | 88.10 |
[452/1010] 	| 92.93 | 99.23 | 65.97 | 88.29 |
[453/1010] 	| 92.80 | 99.27 | 65.58 | 87.60 |
[454/1010] 	| 92.74 | 99.18 | 64.38 | 86.51 |
[455/1010] 	| 92.79 | 99.10 | 66.07 | 86.31 |
[456/1010] 	| 91.89 | 99.11 | 64.58 | 87.20 |
[457/1010] 	| 92.79 | 99.05 | 65.18 | 84.92 |
[458/1010] 	| 92.29 | 99.07 | 66.87 | 87.30 |
[459/1010] 	| 92.94 | 99.25 | 66.57 | 87.70 |
