Parameters: 21,070,385
         	|     Train     |      Test     |
         	| Top-1 | Top-3 | Top-1 | Top-3 |
[1/1010] 	| 13.25 | 37.79 | 12.50 | 39.38 |
[2/1010] 	| 15.18 | 41.61 | 19.25 | 47.42 |
[3/1010] 	| 19.60 | 49.52 | 25.30 | 55.65 |
[4/1010] 	| 22.45 | 55.12 | 27.88 | 60.32 |
[5/1010] 	| 24.89 | 58.80 | 27.28 | 63.79 |
[6/1010] 	| 26.62 | 59.79 | 29.07 | 64.19 |
[7/1010] 	| 27.17 | 60.94 | 30.85 | 65.08 |
[8/1010] 	| 27.77 | 61.70 | 31.55 | 64.19 |
[9/1010] 	| 28.26 | 61.54 | 31.65 | 65.38 |
[10/1010] 	| 29.09 | 63.09 | 29.46 | 62.20 |
[11/1010] 	| 29.42 | 62.70 | 33.83 | 65.97 |
[12/1010] 	| 31.39 | 64.67 | 34.62 | 67.36 |
[13/1010] 	| 31.38 | 65.02 | 34.13 | 67.86 |
[14/1010] 	| 32.40 | 65.62 | 35.32 | 69.05 |
[15/1010] 	| 33.51 | 66.37 | 34.13 | 69.44 |
[16/1010] 	| 33.12 | 67.18 | 34.92 | 70.83 |
[17/1010] 	| 34.55 | 67.73 | 36.81 | 68.95 |
[18/1010] 	| 33.85 | 67.07 | 37.50 | 69.05 |
[19/1010] 	| 34.71 | 68.51 | 36.81 | 71.03 |
[20/1010] 	| 35.02 | 68.29 | 37.80 | 70.14 |
[21/1010] 	| 35.45 | 69.05 | 40.18 | 73.12 |
[22/1010] 	| 36.84 | 69.45 | 35.71 | 70.73 |
[23/1010] 	| 35.95 | 69.60 | 39.98 | 72.12 |
[24/1010] 	| 37.56 | 70.36 | 38.19 | 71.03 |
[25/1010] 	| 36.57 | 69.84 | 38.00 | 71.33 |
[26/1010] 	| 26.36 | 58.14 | 26.39 | 59.23 |
[27/1010] 	| 28.70 | 61.70 | 36.41 | 69.54 |
[28/1010] 	| 32.87 | 65.91 | 35.12 | 67.76 |
[29/1010] 	| 33.24 | 66.68 | 35.81 | 68.95 |
[30/1010] 	| 34.98 | 67.73 | 35.32 | 70.83 |
[31/1010] 	| 36.05 | 68.65 | 35.52 | 70.83 |
[32/1010] 	| 35.54 | 68.81 | 34.72 | 68.55 |
[33/1010] 	| 36.69 | 69.47 | 35.32 | 69.94 |
[34/1010] 	| 36.98 | 70.25 | 37.00 | 70.24 |
[35/1010] 	| 35.48 | 68.15 | 38.89 | 70.63 |
[36/1010] 	| 36.85 | 70.62 | 40.67 | 71.83 |
[37/1010] 	| 36.41 | 69.84 | 39.38 | 72.82 |
[38/1010] 	| 30.35 | 62.77 | 27.38 | 60.71 |
[39/1010] 	| 26.39 | 57.94 | 33.13 | 66.47 |
[40/1010] 	| 29.80 | 63.06 | 34.82 | 67.56 |
[41/1010] 	| 31.67 | 65.01 | 34.62 | 66.67 |
[42/1010] 	| 32.51 | 65.56 | 35.91 | 69.94 |
[43/1010] 	| 33.82 | 66.19 | 33.53 | 66.67 |
[44/1010] 	| 34.26 | 67.45 | 38.29 | 70.54 |
[45/1010] 	| 35.58 | 68.61 | 38.99 | 72.32 |
[46/1010] 	| 33.93 | 66.16 | 36.81 | 71.53 |
[47/1010] 	| 35.12 | 68.27 | 38.89 | 70.73 |
[48/1010] 	| 34.80 | 69.06 | 37.20 | 70.93 |
[49/1010] 	| 34.40 | 67.66 | 40.58 | 71.33 |
[50/1010] 	| 35.58 | 69.01 | 39.09 | 71.33 |
[51/1010] 	| 35.85 | 68.44 | 37.20 | 70.73 |
[52/1010] 	| 35.38 | 67.78 | 40.48 | 70.14 |
[53/1010] 	| 36.17 | 69.63 | 37.80 | 70.63 |
[54/1010] 	| 36.44 | 69.21 | 38.49 | 71.03 |
[55/1010] 	| 36.75 | 70.81 | 37.60 | 69.54 |
[56/1010] 	| 37.27 | 69.50 | 39.88 | 73.41 |
[57/1010] 	| 37.80 | 70.87 | 36.81 | 69.74 |
[58/1010] 	| 37.38 | 70.71 | 40.77 | 73.71 |
[59/1010] 	| 38.56 | 70.94 | 42.56 | 73.31 |
[60/1010] 	| 38.56 | 70.58 | 38.39 | 72.82 |
[61/1010] 	| 37.86 | 71.42 | 40.67 | 72.42 |
[62/1010] 	| 39.79 | 72.14 | 42.26 | 73.71 |
[63/1010] 	| 39.12 | 71.82 | 41.17 | 72.42 |
[64/1010] 	| 38.60 | 71.23 | 43.35 | 72.42 |
[65/1010] 	| 39.94 | 72.29 | 38.89 | 72.62 |
[66/1010] 	| 39.31 | 72.81 | 39.78 | 73.21 |
[67/1010] 	| 39.17 | 72.42 | 38.49 | 73.91 |
[68/1010] 	| 39.06 | 70.99 | 42.06 | 73.02 |
[69/1010] 	| 40.58 | 72.60 | 43.25 | 74.60 |
[70/1010] 	| 39.46 | 72.12 | 39.88 | 70.93 |
[71/1010] 	| 40.67 | 72.92 | 40.97 | 74.40 |
[72/1010] 	| 39.99 | 72.72 | 42.76 | 74.60 |
[73/1010] 	| 41.47 | 74.33 | 41.87 | 75.60 |
[74/1010] 	| 41.98 | 74.35 | 43.35 | 76.79 |
[75/1010] 	| 41.85 | 74.39 | 41.17 | 73.31 |
[76/1010] 	| 42.33 | 74.92 | 43.65 | 75.00 |
[77/1010] 	| 42.54 | 74.86 | 40.18 | 74.21 |
[78/1010] 	| 42.78 | 74.74 | 43.85 | 76.69 |
[79/1010] 	| 42.45 | 74.10 | 40.67 | 73.31 |
[80/1010] 	| 41.01 | 73.58 | 40.18 | 72.52 |
[81/1010] 	| 40.58 | 72.93 | 42.16 | 74.70 |
[82/1010] 	| 42.74 | 75.32 | 46.33 | 76.49 |
[83/1010] 	| 43.53 | 75.24 | 42.36 | 74.70 |
[84/1010] 	| 39.61 | 71.26 | 39.88 | 74.31 |
[85/1010] 	| 40.14 | 72.43 | 43.06 | 75.60 |
[86/1010] 	| 40.67 | 73.37 | 44.35 | 76.39 |
[87/1010] 	| 41.80 | 74.24 | 46.03 | 74.90 |
[88/1010] 	| 41.84 | 73.55 | 41.67 | 72.82 |
[89/1010] 	| 41.11 | 74.11 | 45.63 | 76.39 |
[90/1010] 	| 41.65 | 73.85 | 45.24 | 76.88 |
[91/1010] 	| 42.65 | 74.89 | 43.45 | 76.49 |
[92/1010] 	| 43.08 | 75.90 | 49.11 | 76.19 |
[93/1010] 	| 44.97 | 75.49 | 47.12 | 76.49 |
[94/1010] 	| 44.81 | 75.93 | 46.73 | 79.76 |
[95/1010] 	| 45.40 | 77.15 | 48.51 | 77.48 |
[96/1010] 	| 44.24 | 75.57 | 46.92 | 74.21 |
[97/1010] 	| 44.46 | 75.32 | 45.83 | 77.08 |
[98/1010] 	| 45.96 | 77.00 | 50.40 | 79.07 |
[99/1010] 	| 47.24 | 78.12 | 48.21 | 78.97 |
[100/1010] 	| 47.31 | 77.94 | 49.90 | 78.77 |
[101/1010] 	| 46.81 | 78.28 | 52.48 | 80.85 |
[102/1010] 	| 48.30 | 79.09 | 51.29 | 79.07 |
[103/1010] 	| 49.61 | 79.49 | 49.90 | 78.97 |
[104/1010] 	| 49.27 | 79.56 | 52.18 | 81.25 |
[105/1010] 	| 49.61 | 79.66 | 52.38 | 80.56 |
[106/1010] 	| 51.07 | 80.63 | 49.31 | 79.46 |
[107/1010] 	| 51.20 | 80.75 | 53.27 | 82.24 |
[108/1010] 	| 50.92 | 80.34 | 50.99 | 80.65 |
[109/1010] 	| 51.91 | 80.18 | 52.58 | 79.86 |
[110/1010] 	| 52.66 | 81.59 | 52.38 | 80.46 |
[111/1010] 	| 52.99 | 81.04 | 51.88 | 81.75 |
[112/1010] 	| 52.37 | 81.38 | 51.79 | 83.43 |
[113/1010] 	| 52.84 | 81.68 | 53.57 | 82.74 |
[114/1010] 	| 53.73 | 82.38 | 54.86 | 82.04 |
[115/1010] 	| 52.76 | 81.21 | 51.49 | 82.14 |
[116/1010] 	| 54.09 | 82.46 | 54.17 | 83.63 |
[117/1010] 	| 53.74 | 82.17 | 54.56 | 82.14 |
[118/1010] 	| 55.19 | 82.64 | 56.65 | 84.33 |
[119/1010] 	| 54.79 | 83.15 | 55.56 | 83.23 |
[120/1010] 	| 54.89 | 82.78 | 55.36 | 84.33 |
[121/1010] 	| 55.76 | 82.97 | 54.66 | 82.54 |
[122/1010] 	| 56.53 | 83.42 | 56.45 | 83.04 |
[123/1010] 	| 56.55 | 83.41 | 59.23 | 85.22 |
[124/1010] 	| 56.75 | 83.66 | 54.96 | 83.63 |
[125/1010] 	| 58.13 | 84.35 | 57.74 | 83.73 |
[126/1010] 	| 58.01 | 84.76 | 59.82 | 84.13 |
[127/1010] 	| 59.21 | 85.21 | 55.95 | 84.52 |
[128/1010] 	| 58.75 | 85.09 | 57.24 | 85.12 |
[129/1010] 	| 58.35 | 84.90 | 54.46 | 83.93 |
[130/1010] 	| 59.58 | 85.13 | 56.75 | 83.93 |
[131/1010] 	| 58.77 | 85.40 | 60.12 | 84.52 |
[132/1010] 	| 60.31 | 85.72 | 58.23 | 85.32 |
[133/1010] 	| 60.39 | 86.19 | 56.65 | 84.62 |
[134/1010] 	| 60.21 | 86.12 | 60.62 | 86.01 |
[135/1010] 	| 60.46 | 86.47 | 58.53 | 85.12 |
[136/1010] 	| 60.71 | 86.60 | 57.24 | 84.62 |
[137/1010] 	| 61.49 | 86.84 | 60.32 | 85.12 |
[138/1010] 	| 61.31 | 86.48 | 61.01 | 87.00 |
[139/1010] 	| 61.23 | 86.21 | 57.94 | 85.81 |
[140/1010] 	| 63.68 | 87.81 | 60.62 | 86.01 |
[141/1010] 	| 61.80 | 87.04 | 58.43 | 85.12 |
[142/1010] 	| 62.50 | 87.49 | 57.64 | 83.43 |
[143/1010] 	| 62.84 | 87.62 | 58.63 | 84.72 |
[144/1010] 	| 63.43 | 88.12 | 62.20 | 87.40 |
[145/1010] 	| 62.94 | 87.41 | 62.70 | 87.30 |
[146/1010] 	| 63.60 | 87.96 | 60.91 | 85.52 |
[147/1010] 	| 63.87 | 88.07 | 60.22 | 86.71 |
[148/1010] 	| 64.19 | 87.63 | 59.92 | 84.82 |
[149/1010] 	| 64.38 | 88.35 | 61.21 | 86.81 |
[150/1010] 	| 64.49 | 88.88 | 61.61 | 87.60 |
[151/1010] 	| 65.55 | 89.19 | 62.70 | 86.90 |
[152/1010] 	| 66.03 | 89.18 | 61.11 | 87.00 |
[153/1010] 	| 65.90 | 88.58 | 60.91 | 86.41 |
[154/1010] 	| 66.10 | 88.70 | 61.21 | 87.30 |
[155/1010] 	| 66.28 | 89.57 | 63.69 | 85.91 |
[156/1010] 	| 66.74 | 89.54 | 60.91 | 86.31 |
[157/1010] 	| 66.21 | 89.42 | 60.02 | 88.39 |
[158/1010] 	| 67.40 | 90.00 | 63.19 | 88.19 |
[159/1010] 	| 67.16 | 89.74 | 63.29 | 88.79 |
[160/1010] 	| 67.70 | 89.87 | 63.59 | 88.00 |
[161/1010] 	| 67.45 | 89.64 | 64.98 | 86.41 |
[162/1010] 	| 68.66 | 90.25 | 63.69 | 86.81 |
[163/1010] 	| 66.93 | 89.62 | 63.49 | 87.90 |
[164/1010] 	| 68.99 | 90.69 | 63.69 | 87.80 |
[165/1010] 	| 68.65 | 90.49 | 64.19 | 88.69 |
[166/1010] 	| 69.84 | 91.19 | 64.29 | 87.80 |
[167/1010] 	| 69.76 | 91.07 | 62.20 | 87.90 |
[168/1010] 	| 68.39 | 90.39 | 63.99 | 88.99 |
[169/1010] 	| 69.92 | 91.17 | 64.88 | 88.59 |
[170/1010] 	| 71.37 | 90.95 | 63.89 | 87.70 |
[171/1010] 	| 69.92 | 91.43 | 64.58 | 85.62 |
[172/1010] 	| 70.84 | 91.76 | 65.48 | 89.19 |
[173/1010] 	| 69.81 | 90.59 | 65.67 | 87.30 |
[174/1010] 	| 71.35 | 91.57 | 66.37 | 87.90 |
[175/1010] 	| 71.04 | 91.00 | 64.68 | 88.49 |
[176/1010] 	| 72.09 | 91.43 | 63.79 | 88.59 |
[177/1010] 	| 70.67 | 91.21 | 65.77 | 88.59 |
[178/1010] 	| 72.66 | 92.20 | 63.69 | 88.79 |
[179/1010] 	| 71.43 | 92.23 | 63.79 | 89.88 |
[180/1010] 	| 71.56 | 91.50 | 66.07 | 89.48 |
[181/1010] 	| 72.33 | 91.68 | 64.78 | 88.69 |
[182/1010] 	| 72.19 | 91.99 | 66.27 | 88.59 |
[183/1010] 	| 72.69 | 92.26 | 66.77 | 89.09 |
[184/1010] 	| 73.29 | 92.54 | 66.17 | 88.29 |
[185/1010] 	| 72.96 | 92.19 | 66.17 | 89.58 |
[186/1010] 	| 72.68 | 92.16 | 65.67 | 88.29 |
[187/1010] 	| 72.88 | 92.25 | 66.87 | 88.99 |
[188/1010] 	| 73.97 | 92.50 | 66.67 | 86.51 |
[189/1010] 	| 73.37 | 92.39 | 65.28 | 88.79 |
[190/1010] 	| 74.39 | 92.94 | 65.87 | 88.49 |
[191/1010] 	| 74.22 | 93.28 | 66.77 | 88.89 |
[192/1010] 	| 73.38 | 92.75 | 65.67 | 88.49 |
[193/1010] 	| 74.83 | 93.16 | 64.19 | 89.48 |
[194/1010] 	| 73.78 | 92.58 | 66.17 | 88.79 |
[195/1010] 	| 75.04 | 93.37 | 68.15 | 89.38 |
[196/1010] 	| 75.62 | 93.58 | 65.67 | 88.59 |
[197/1010] 	| 74.49 | 92.85 | 65.77 | 89.68 |
[198/1010] 	| 74.09 | 92.77 | 65.97 | 90.38 |
[199/1010] 	| 74.38 | 92.96 | 64.68 | 88.39 |
[200/1010] 	| 74.39 | 92.59 | 65.38 | 89.09 |
[201/1010] 	| 75.14 | 92.96 | 69.25 | 90.28 |
[202/1010] 	| 74.11 | 92.66 | 64.88 | 87.70 |
[203/1010] 	| 76.88 | 93.58 | 67.56 | 89.19 |
[204/1010] 	| 75.78 | 93.37 | 66.77 | 89.68 |
[205/1010] 	| 75.79 | 93.47 | 67.96 | 90.67 |
[206/1010] 	| 76.97 | 93.96 | 65.18 | 89.38 |
[207/1010] 	| 76.05 | 93.59 | 66.17 | 88.00 |
[208/1010] 	| 74.41 | 92.87 | 64.68 | 88.99 |
[209/1010] 	| 75.53 | 93.76 | 68.25 | 89.09 |
[210/1010] 	| 76.41 | 93.93 | 65.58 | 88.89 |
[211/1010] 	| 76.87 | 93.52 | 65.48 | 89.58 |
[212/1010] 	| 76.05 | 93.76 | 65.77 | 88.89 |
[213/1010] 	| 76.56 | 93.92 | 64.09 | 89.09 |
[214/1010] 	| 76.92 | 94.18 | 66.07 | 88.99 |
[215/1010] 	| 77.12 | 93.88 | 66.67 | 86.90 |
[216/1010] 	| 76.96 | 94.32 | 67.86 | 90.08 |
[217/1010] 	| 76.58 | 93.86 | 66.77 | 90.97 |
[218/1010] 	| 77.72 | 94.46 | 68.06 | 88.19 |
[219/1010] 	| 77.56 | 94.34 | 64.88 | 88.69 |
[220/1010] 	| 76.98 | 93.62 | 65.97 | 88.99 |
[221/1010] 	| 77.99 | 94.32 | 67.76 | 89.38 |
[222/1010] 	| 76.78 | 94.19 | 63.29 | 86.90 |
[223/1010] 	| 77.44 | 93.93 | 70.04 | 88.19 |
[224/1010] 	| 78.01 | 94.68 | 66.27 | 88.99 |
[225/1010] 	| 78.30 | 94.48 | 67.76 | 89.98 |
[226/1010] 	| 78.31 | 94.66 | 66.47 | 90.38 |
[227/1010] 	| 77.30 | 94.37 | 68.25 | 89.19 |
[228/1010] 	| 77.95 | 94.32 | 65.38 | 89.38 |
[229/1010] 	| 76.86 | 93.95 | 65.28 | 87.70 |
[230/1010] 	| 78.33 | 94.32 | 68.15 | 90.08 |
[231/1010] 	| 77.84 | 94.84 | 67.96 | 89.68 |
[232/1010] 	| 79.13 | 94.76 | 67.36 | 88.49 |
[233/1010] 	| 78.67 | 94.15 | 68.55 | 89.29 |
[234/1010] 	| 77.90 | 93.95 | 66.27 | 87.40 |
[235/1010] 	| 78.34 | 94.38 | 67.16 | 89.48 |
[236/1010] 	| 77.46 | 93.94 | 67.26 | 88.59 |
[237/1010] 	| 77.75 | 94.21 | 66.96 | 89.78 |
[238/1010] 	| 78.88 | 94.85 | 67.46 | 88.69 |
[239/1010] 	| 79.58 | 95.27 | 67.56 | 88.10 |
[240/1010] 	| 77.77 | 94.07 | 67.46 | 88.79 |
[241/1010] 	| 79.67 | 94.84 | 66.77 | 90.28 |
[242/1010] 	| 78.45 | 94.63 | 66.27 | 88.39 |
[243/1010] 	| 78.97 | 94.73 | 63.89 | 89.29 |
[244/1010] 	| 78.31 | 94.57 | 64.88 | 89.19 |
[245/1010] 	| 79.54 | 94.90 | 66.57 | 88.99 |
[246/1010] 	| 78.55 | 94.72 | 64.48 | 88.59 |
[247/1010] 	| 79.68 | 95.12 | 64.68 | 89.09 |
[248/1010] 	| 80.26 | 95.02 | 66.37 | 89.09 |
[249/1010] 	| 79.83 | 95.15 | 68.06 | 88.99 |
[250/1010] 	| 79.68 | 95.13 | 66.37 | 88.89 |
[251/1010] 	| 84.24 | 97.23 | 64.29 | 88.29 |
[252/1010] 	| 84.93 | 97.40 | 66.77 | 90.87 |
[253/1010] 	| 84.90 | 97.14 | 68.25 | 89.88 |
[254/1010] 	| 84.70 | 97.35 | 69.25 | 90.87 |
[255/1010] 	| 85.19 | 97.34 | 66.77 | 89.19 |
[256/1010] 	| 85.59 | 97.36 | 67.16 | 88.79 |
[257/1010] 	| 86.02 | 97.66 | 66.47 | 88.79 |
[258/1010] 	| 85.78 | 97.42 | 67.16 | 88.59 |
[259/1010] 	| 85.65 | 97.79 | 69.84 | 89.98 |
[260/1010] 	| 86.53 | 97.91 | 65.97 | 88.59 |
[261/1010] 	| 86.50 | 97.60 | 67.06 | 87.90 |
[262/1010] 	| 86.60 | 98.15 | 64.88 | 89.19 |
[263/1010] 	| 86.43 | 97.85 | 66.37 | 88.49 |
[264/1010] 	| 86.57 | 97.76 | 68.25 | 88.69 |
[265/1010] 	| 85.59 | 97.83 | 67.26 | 87.90 |
[266/1010] 	| 86.81 | 97.75 | 66.57 | 88.10 |
[267/1010] 	| 87.27 | 97.95 | 66.57 | 86.41 |
[268/1010] 	| 85.98 | 97.68 | 65.38 | 87.50 |
[269/1010] 	| 87.53 | 98.28 | 67.76 | 88.79 |
[270/1010] 	| 86.97 | 97.85 | 64.68 | 89.58 |
[271/1010] 	| 87.11 | 98.27 | 66.27 | 88.99 |
[272/1010] 	| 86.92 | 98.19 | 65.18 | 90.48 |
[273/1010] 	| 87.33 | 98.24 | 66.96 | 87.60 |
[274/1010] 	| 88.11 | 98.11 | 67.46 | 87.10 |
[275/1010] 	| 86.21 | 97.95 | 67.16 | 88.19 |
[276/1010] 	| 85.71 | 97.81 | 66.67 | 87.90 |
[277/1010] 	| 87.08 | 98.11 | 65.48 | 88.29 |
[278/1010] 	| 87.97 | 98.38 | 64.19 | 88.39 |
[279/1010] 	| 88.13 | 98.25 | 65.18 | 87.20 |
[280/1010] 	| 87.54 | 98.00 | 64.09 | 87.30 |
[281/1010] 	| 87.96 | 98.20 | 66.27 | 88.69 |
[282/1010] 	| 87.78 | 98.47 | 66.57 | 88.39 |
[283/1010] 	| 87.67 | 98.28 | 66.27 | 87.40 |
[284/1010] 	| 87.57 | 98.27 | 66.17 | 88.10 |
[285/1010] 	| 88.43 | 98.58 | 67.16 | 88.79 |
[286/1010] 	| 87.63 | 98.02 | 67.36 | 89.78 |
[287/1010] 	| 87.72 | 98.39 | 67.06 | 89.29 |
[288/1010] 	| 88.21 | 98.35 | 66.17 | 89.09 |
[289/1010] 	| 88.82 | 98.48 | 68.45 | 88.69 |
[290/1010] 	| 88.73 | 98.43 | 68.95 | 89.29 |
[291/1010] 	| 87.50 | 98.21 | 65.77 | 89.09 |
[292/1010] 	| 88.13 | 98.17 | 67.56 | 90.08 |
[293/1010] 	| 88.26 | 98.23 | 68.35 | 89.68 |
[294/1010] 	| 88.62 | 98.50 | 66.77 | 88.69 |
[295/1010] 	| 88.68 | 98.44 | 68.45 | 88.89 |
[296/1010] 	| 88.93 | 98.57 | 66.27 | 88.29 |
[297/1010] 	| 89.20 | 98.34 | 67.46 | 89.29 |
