Parameters: 21,070,385
         	|     Train     |      Test     |
         	| Top-1 | Top-3 | Top-1 | Top-3 |
[1/1010] 	| 13.39 | 38.17 | 13.89 | 40.38 |
[2/1010] 	| 15.59 | 42.74 | 21.03 | 49.11 |
[3/1010] 	| 19.85 | 51.69 | 26.19 | 55.85 |
[4/1010] 	| 23.91 | 57.14 | 28.17 | 62.80 |
[5/1010] 	| 27.20 | 61.11 | 28.87 | 61.41 |
[6/1010] 	| 28.96 | 62.40 | 29.17 | 65.08 |
[7/1010] 	| 29.05 | 63.28 | 28.77 | 62.30 |
[8/1010] 	| 29.29 | 63.48 | 31.55 | 65.77 |
[9/1010] 	| 29.84 | 64.18 | 32.94 | 67.06 |
[10/1010] 	| 30.92 | 65.12 | 29.46 | 65.48 |
[11/1010] 	| 31.11 | 64.30 | 33.13 | 67.46 |
[12/1010] 	| 32.28 | 67.10 | 34.13 | 67.66 |
[13/1010] 	| 32.85 | 67.60 | 36.61 | 70.24 |
[14/1010] 	| 33.95 | 67.88 | 35.52 | 66.96 |
[15/1010] 	| 34.81 | 69.95 | 32.44 | 70.63 |
[16/1010] 	| 34.99 | 69.32 | 35.42 | 70.04 |
[17/1010] 	| 36.68 | 70.25 | 36.81 | 69.64 |
[18/1010] 	| 36.48 | 70.18 | 36.71 | 69.05 |
[19/1010] 	| 37.19 | 70.94 | 37.50 | 73.12 |
[20/1010] 	| 37.90 | 71.73 | 35.52 | 70.73 |
[21/1010] 	| 38.42 | 71.76 | 40.58 | 75.40 |
[22/1010] 	| 39.49 | 72.69 | 39.58 | 72.52 |
[23/1010] 	| 38.93 | 73.14 | 40.77 | 75.10 |
[24/1010] 	| 40.32 | 73.88 | 39.29 | 72.82 |
[25/1010] 	| 40.24 | 73.97 | 40.48 | 74.90 |
[26/1010] 	| 41.28 | 74.40 | 39.09 | 72.42 |
[27/1010] 	| 40.66 | 74.23 | 42.06 | 75.00 |
[28/1010] 	| 42.02 | 74.86 | 40.28 | 75.69 |
[29/1010] 	| 42.32 | 75.87 | 38.69 | 73.81 |
[30/1010] 	| 41.89 | 75.59 | 41.17 | 74.80 |
[31/1010] 	| 41.63 | 74.21 | 40.48 | 74.11 |
[32/1010] 	| 41.20 | 74.50 | 37.60 | 71.43 |
[33/1010] 	| 42.20 | 75.62 | 39.19 | 73.51 |
[34/1010] 	| 43.99 | 76.62 | 41.67 | 76.09 |
[35/1010] 	| 43.97 | 76.56 | 41.17 | 74.21 |
[36/1010] 	| 41.08 | 73.80 | 41.17 | 76.29 |
[37/1010] 	| 44.36 | 76.86 | 41.67 | 76.79 |
[38/1010] 	| 44.05 | 76.91 | 41.07 | 74.60 |
[39/1010] 	| 44.76 | 76.78 | 40.28 | 75.60 |
[40/1010] 	| 45.56 | 77.11 | 41.87 | 73.31 |
[41/1010] 	| 35.22 | 67.74 | 28.08 | 59.52 |
[42/1010] 	| 29.53 | 62.90 | 30.06 | 62.90 |
[43/1010] 	| 31.59 | 65.45 | 36.71 | 68.35 |
[44/1010] 	| 32.14 | 66.37 | 34.62 | 62.90 |
[45/1010] 	| 33.39 | 67.02 | 35.12 | 67.26 |
[46/1010] 	| 34.34 | 67.32 | 35.02 | 68.95 |
[47/1010] 	| 35.23 | 68.58 | 38.00 | 69.64 |
[48/1010] 	| 35.62 | 69.56 | 36.11 | 70.14 |
[49/1010] 	| 37.09 | 69.68 | 35.12 | 66.67 |
[50/1010] 	| 35.51 | 69.70 | 36.61 | 70.93 |
[51/1010] 	| 37.49 | 70.85 | 37.90 | 71.73 |
[52/1010] 	| 37.57 | 70.18 | 36.51 | 70.44 |
[53/1010] 	| 39.02 | 72.08 | 40.38 | 69.94 |
[54/1010] 	| 37.43 | 70.97 | 36.51 | 70.14 |
[55/1010] 	| 37.38 | 70.89 | 38.29 | 69.94 |
[56/1010] 	| 38.52 | 71.15 | 38.89 | 73.71 |
[57/1010] 	| 37.84 | 71.49 | 35.02 | 70.54 |
[58/1010] 	| 38.92 | 71.16 | 39.78 | 73.91 |
[59/1010] 	| 39.06 | 72.15 | 38.29 | 71.23 |
[60/1010] 	| 39.72 | 71.90 | 37.80 | 70.83 |
[61/1010] 	| 38.90 | 72.55 | 36.71 | 71.73 |
[62/1010] 	| 40.68 | 73.61 | 38.79 | 71.03 |
[63/1010] 	| 41.57 | 74.84 | 40.08 | 72.62 |
[64/1010] 	| 42.09 | 74.47 | 41.37 | 76.19 |
[65/1010] 	| 42.36 | 75.24 | 41.07 | 73.51 |
[66/1010] 	| 42.08 | 74.54 | 42.66 | 74.40 |
[67/1010] 	| 42.27 | 74.62 | 42.16 | 75.60 |
[68/1010] 	| 42.40 | 75.52 | 40.18 | 74.21 |
[69/1010] 	| 43.49 | 76.05 | 42.16 | 73.71 |
[70/1010] 	| 43.78 | 75.98 | 40.18 | 73.12 |
[71/1010] 	| 43.31 | 75.97 | 37.50 | 72.12 |
[72/1010] 	| 41.16 | 74.33 | 42.26 | 72.92 |
[73/1010] 	| 43.38 | 76.33 | 43.06 | 76.49 |
[74/1010] 	| 44.84 | 77.38 | 42.46 | 75.60 |
[75/1010] 	| 45.97 | 77.89 | 40.67 | 74.01 |
[76/1010] 	| 45.84 | 78.19 | 45.54 | 77.48 |
[77/1010] 	| 46.51 | 78.43 | 44.84 | 76.09 |
[78/1010] 	| 46.96 | 79.39 | 45.34 | 77.78 |
[79/1010] 	| 47.91 | 79.19 | 44.25 | 76.69 |
[80/1010] 	| 46.70 | 79.28 | 45.63 | 77.08 |
[81/1010] 	| 47.94 | 79.43 | 46.23 | 76.98 |
[82/1010] 	| 48.57 | 80.22 | 44.25 | 75.89 |
[83/1010] 	| 49.37 | 80.93 | 46.33 | 79.66 |
[84/1010] 	| 49.20 | 80.29 | 48.31 | 78.27 |
[85/1010] 	| 49.22 | 80.45 | 47.22 | 80.75 |
[86/1010] 	| 49.94 | 80.81 | 48.31 | 78.97 |
[87/1010] 	| 50.47 | 81.14 | 49.70 | 80.26 |
[88/1010] 	| 51.26 | 81.42 | 48.41 | 79.76 |
[89/1010] 	| 51.02 | 82.72 | 49.40 | 80.65 |
[90/1010] 	| 51.43 | 81.98 | 49.90 | 82.64 |
[91/1010] 	| 51.76 | 81.95 | 48.21 | 79.27 |
[92/1010] 	| 51.56 | 82.33 | 50.20 | 81.55 |
[93/1010] 	| 52.34 | 82.18 | 50.30 | 79.96 |
[94/1010] 	| 52.56 | 82.98 | 49.50 | 80.46 |
[95/1010] 	| 52.31 | 82.53 | 48.02 | 79.27 |
[96/1010] 	| 53.56 | 83.13 | 49.80 | 81.65 |
[97/1010] 	| 53.29 | 83.32 | 50.60 | 81.45 |
[98/1010] 	| 54.18 | 83.05 | 50.79 | 81.05 |
[99/1010] 	| 53.65 | 83.75 | 50.50 | 82.64 |
[100/1010] 	| 54.59 | 84.16 | 53.77 | 81.05 |
[101/1010] 	| 55.23 | 85.02 | 49.01 | 80.65 |
[102/1010] 	| 55.15 | 84.48 | 50.30 | 82.74 |
[103/1010] 	| 54.86 | 84.65 | 51.69 | 82.44 |
[104/1010] 	| 55.54 | 84.54 | 51.39 | 82.24 |
[105/1010] 	| 55.79 | 84.76 | 50.89 | 80.75 |
[106/1010] 	| 55.09 | 85.30 | 49.01 | 82.24 |
[107/1010] 	| 55.42 | 84.22 | 52.98 | 82.34 |
[108/1010] 	| 56.75 | 85.15 | 52.18 | 81.25 |
[109/1010] 	| 57.06 | 85.85 | 53.47 | 83.04 |
[110/1010] 	| 57.01 | 85.30 | 50.89 | 81.05 |
[111/1010] 	| 56.45 | 85.42 | 50.50 | 82.54 |
[112/1010] 	| 57.20 | 85.99 | 54.56 | 81.65 |
[113/1010] 	| 57.43 | 86.01 | 51.29 | 83.53 |
[114/1010] 	| 58.08 | 86.28 | 52.18 | 83.93 |
[115/1010] 	| 58.13 | 86.27 | 53.27 | 82.94 |
[116/1010] 	| 57.74 | 85.70 | 53.37 | 83.13 |
[117/1010] 	| 58.53 | 86.45 | 54.76 | 81.75 |
[118/1010] 	| 58.76 | 86.55 | 52.78 | 83.23 |
[119/1010] 	| 57.86 | 86.48 | 55.75 | 84.33 |
[120/1010] 	| 59.70 | 86.96 | 53.08 | 82.54 |
[121/1010] 	| 59.93 | 86.88 | 53.17 | 83.33 |
[122/1010] 	| 60.14 | 87.41 | 52.88 | 84.23 |
[123/1010] 	| 59.68 | 87.16 | 54.46 | 83.43 |
[124/1010] 	| 59.84 | 87.29 | 53.08 | 83.53 |
[125/1010] 	| 59.68 | 86.97 | 53.97 | 81.94 |
[126/1010] 	| 59.95 | 87.12 | 54.07 | 84.52 |
[127/1010] 	| 60.33 | 87.46 | 53.47 | 84.62 |
[128/1010] 	| 60.44 | 87.68 | 54.27 | 84.23 |
[129/1010] 	| 60.01 | 87.26 | 52.58 | 83.63 |
[130/1010] 	| 59.93 | 87.82 | 52.98 | 83.13 |
[131/1010] 	| 60.21 | 87.97 | 55.06 | 83.73 |
[132/1010] 	| 61.85 | 88.01 | 52.18 | 82.24 |
[133/1010] 	| 61.72 | 88.43 | 54.07 | 83.73 |
[134/1010] 	| 61.27 | 88.07 | 53.77 | 83.13 |
[135/1010] 	| 62.94 | 89.00 | 54.37 | 83.73 |
[136/1010] 	| 61.79 | 88.80 | 52.48 | 82.34 |
[137/1010] 	| 61.90 | 88.01 | 54.46 | 83.93 |
[138/1010] 	| 62.69 | 88.11 | 52.38 | 81.85 |
[139/1010] 	| 63.01 | 89.09 | 51.59 | 82.34 |
[140/1010] 	| 62.57 | 89.00 | 53.37 | 83.83 |
[141/1010] 	| 62.47 | 88.57 | 56.05 | 83.23 |
[142/1010] 	| 62.76 | 88.82 | 53.27 | 82.04 |
[143/1010] 	| 63.86 | 89.03 | 55.65 | 82.74 |
[144/1010] 	| 63.27 | 88.49 | 55.85 | 84.13 |
[145/1010] 	| 62.50 | 88.96 | 55.16 | 83.13 |
[146/1010] 	| 63.01 | 88.79 | 54.66 | 83.33 |
[147/1010] 	| 63.72 | 89.20 | 56.35 | 84.92 |
[148/1010] 	| 63.56 | 88.85 | 53.57 | 84.13 |
[149/1010] 	| 63.81 | 88.99 | 53.08 | 84.13 |
[150/1010] 	| 63.04 | 88.87 | 54.17 | 84.23 |
[151/1010] 	| 63.71 | 89.60 | 55.16 | 85.32 |
[152/1010] 	| 63.72 | 89.58 | 55.75 | 84.13 |
[153/1010] 	| 63.98 | 89.81 | 56.75 | 84.52 |
[154/1010] 	| 64.85 | 90.10 | 55.65 | 84.42 |
[155/1010] 	| 65.06 | 89.54 | 54.66 | 85.02 |
[156/1010] 	| 64.45 | 89.76 | 55.36 | 84.33 |
[157/1010] 	| 64.94 | 89.48 | 55.85 | 82.34 |
[158/1010] 	| 63.96 | 89.25 | 56.25 | 83.33 |
[159/1010] 	| 65.45 | 90.31 | 57.44 | 85.02 |
[160/1010] 	| 64.89 | 89.94 | 56.55 | 84.03 |
[161/1010] 	| 64.38 | 89.69 | 56.65 | 85.71 |
[162/1010] 	| 65.26 | 90.05 | 56.25 | 82.54 |
[163/1010] 	| 63.76 | 89.52 | 54.46 | 83.13 |
[164/1010] 	| 65.29 | 89.85 | 55.06 | 83.73 |
[165/1010] 	| 65.81 | 89.75 | 54.66 | 83.43 |
[166/1010] 	| 66.17 | 90.52 | 57.24 | 84.72 |
[167/1010] 	| 65.55 | 90.32 | 53.57 | 84.72 |
[168/1010] 	| 65.61 | 90.76 | 58.04 | 84.62 |
[169/1010] 	| 65.65 | 90.09 | 55.16 | 83.13 |
[170/1010] 	| 65.93 | 90.06 | 54.76 | 83.63 |
[171/1010] 	| 65.81 | 90.47 | 54.56 | 83.43 |
[172/1010] 	| 65.70 | 90.47 | 55.36 | 85.71 |
[173/1010] 	| 66.15 | 90.42 | 57.24 | 84.23 |
[174/1010] 	| 67.38 | 91.18 | 56.94 | 84.62 |
[175/1010] 	| 64.90 | 89.82 | 55.85 | 83.63 |
[176/1010] 	| 66.53 | 91.11 | 56.85 | 83.83 |
[177/1010] 	| 67.16 | 90.95 | 55.16 | 84.52 |
[178/1010] 	| 67.00 | 90.93 | 55.95 | 83.83 |
[179/1010] 	| 67.08 | 91.01 | 55.46 | 83.43 |
[180/1010] 	| 66.33 | 90.77 | 57.84 | 84.42 |
[181/1010] 	| 67.05 | 90.95 | 55.95 | 84.33 |
[182/1010] 	| 67.32 | 91.41 | 54.07 | 86.41 |
[183/1010] 	| 67.54 | 91.38 | 55.95 | 84.72 |
[184/1010] 	| 67.27 | 91.45 | 59.42 | 84.72 |
[185/1010] 	| 68.34 | 91.98 | 56.15 | 84.82 |
[186/1010] 	| 67.87 | 91.84 | 57.44 | 84.23 |
[187/1010] 	| 67.66 | 91.88 | 58.13 | 83.73 |
[188/1010] 	| 69.48 | 92.48 | 58.63 | 84.62 |
[189/1010] 	| 69.16 | 91.83 | 56.35 | 85.71 |
[190/1010] 	| 69.06 | 92.13 | 57.64 | 84.92 |
[191/1010] 	| 68.28 | 92.54 | 59.52 | 85.12 |
[192/1010] 	| 69.51 | 92.14 | 55.75 | 83.93 |
[193/1010] 	| 68.79 | 91.92 | 57.24 | 84.23 |
[194/1010] 	| 69.42 | 92.23 | 57.74 | 84.72 |
[195/1010] 	| 68.28 | 92.09 | 56.75 | 84.33 |
[196/1010] 	| 68.95 | 92.00 | 56.45 | 84.23 |
[197/1010] 	| 69.51 | 92.16 | 56.75 | 83.43 |
[198/1010] 	| 68.55 | 92.03 | 57.54 | 84.03 |
[199/1010] 	| 69.93 | 92.53 | 55.46 | 83.63 |
[200/1010] 	| 68.03 | 91.70 | 53.27 | 84.23 |
[201/1010] 	| 69.70 | 92.06 | 55.95 | 83.83 |
[202/1010] 	| 70.61 | 92.85 | 57.64 | 84.82 |
[203/1010] 	| 70.65 | 92.84 | 57.34 | 85.22 |
[204/1010] 	| 71.40 | 93.15 | 58.23 | 84.92 |
[205/1010] 	| 70.46 | 93.13 | 56.65 | 84.62 |
[206/1010] 	| 71.14 | 93.03 | 56.25 | 83.43 |
[207/1010] 	| 70.00 | 93.08 | 59.23 | 85.12 |
[208/1010] 	| 71.04 | 93.28 | 58.83 | 85.22 |
[209/1010] 	| 70.48 | 92.92 | 57.34 | 84.82 |
[210/1010] 	| 71.32 | 93.26 | 55.06 | 85.12 |
[211/1010] 	| 70.62 | 92.75 | 56.35 | 84.72 |
[212/1010] 	| 72.31 | 93.47 | 58.73 | 85.02 |
[213/1010] 	| 72.82 | 93.68 | 56.65 | 84.52 |
[214/1010] 	| 73.13 | 93.95 | 57.44 | 85.42 |
[215/1010] 	| 73.65 | 94.41 | 56.94 | 85.32 |
[216/1010] 	| 72.92 | 94.13 | 58.53 | 86.41 |
[217/1010] 	| 72.34 | 93.78 | 58.83 | 86.21 |
[218/1010] 	| 73.01 | 94.02 | 60.71 | 86.41 |
[219/1010] 	| 73.12 | 94.02 | 59.03 | 86.31 |
[220/1010] 	| 72.65 | 93.97 | 62.20 | 86.81 |
[221/1010] 	| 74.25 | 94.02 | 58.13 | 85.32 |
[222/1010] 	| 73.61 | 94.52 | 57.04 | 87.60 |
[223/1010] 	| 73.37 | 93.94 | 60.71 | 85.62 |
[224/1010] 	| 73.68 | 94.11 | 59.82 | 86.11 |
[225/1010] 	| 72.43 | 94.43 | 55.56 | 84.82 |
[226/1010] 	| 73.51 | 93.97 | 59.92 | 86.61 |
[227/1010] 	| 75.10 | 94.64 | 58.73 | 85.32 |
[228/1010] 	| 74.41 | 94.35 | 58.13 | 84.23 |
[229/1010] 	| 73.91 | 94.42 | 58.13 | 85.42 |
[230/1010] 	| 74.61 | 94.63 | 57.44 | 85.22 |
[231/1010] 	| 72.64 | 94.50 | 59.13 | 85.91 |
[232/1010] 	| 74.03 | 94.27 | 58.43 | 84.82 |
[233/1010] 	| 76.12 | 95.36 | 60.62 | 87.00 |
[234/1010] 	| 74.13 | 94.48 | 56.45 | 84.92 |
[235/1010] 	| 75.07 | 94.71 | 57.04 | 84.03 |
[236/1010] 	| 73.94 | 94.38 | 59.82 | 86.61 |
[237/1010] 	| 74.25 | 94.62 | 59.03 | 85.22 |
[238/1010] 	| 74.73 | 94.85 | 60.62 | 87.10 |
[239/1010] 	| 76.38 | 95.27 | 59.03 | 84.62 |
[240/1010] 	| 76.82 | 95.23 | 58.83 | 87.30 |
[241/1010] 	| 75.96 | 95.21 | 58.53 | 85.62 |
[242/1010] 	| 76.19 | 95.05 | 61.01 | 86.61 |
[243/1010] 	| 76.16 | 95.28 | 60.12 | 86.41 |
[244/1010] 	| 77.20 | 95.63 | 55.56 | 84.13 |
[245/1010] 	| 76.27 | 95.36 | 58.23 | 82.04 |
[246/1010] 	| 76.10 | 95.32 | 60.71 | 85.02 |
[247/1010] 	| 76.69 | 95.77 | 57.84 | 84.72 |
[248/1010] 	| 76.92 | 95.58 | 60.02 | 86.31 |
[249/1010] 	| 77.47 | 95.58 | 59.92 | 85.81 |
[250/1010] 	| 77.30 | 95.61 | 57.64 | 86.21 |
[251/1010] 	| 78.21 | 96.26 | 58.33 | 85.81 |
[252/1010] 	| 77.59 | 95.85 | 58.83 | 85.02 |
[253/1010] 	| 77.77 | 95.86 | 58.43 | 85.62 |
[254/1010] 	| 77.92 | 95.66 | 60.62 | 85.52 |
[255/1010] 	| 77.22 | 95.71 | 60.32 | 86.90 |
[256/1010] 	| 79.06 | 96.01 | 59.52 | 85.42 |
[257/1010] 	| 78.90 | 96.00 | 57.94 | 85.91 |
[258/1010] 	| 77.16 | 95.67 | 58.33 | 84.92 |
[259/1010] 	| 78.33 | 96.41 | 57.04 | 85.71 |
[260/1010] 	| 78.19 | 96.10 | 58.73 | 85.81 |
[261/1010] 	| 78.60 | 96.21 | 58.53 | 85.71 |
[262/1010] 	| 78.71 | 96.30 | 58.73 | 84.23 |
[263/1010] 	| 78.90 | 96.17 | 58.33 | 84.72 |
[264/1010] 	| 78.70 | 96.12 | 59.62 | 84.33 |
[265/1010] 	| 76.79 | 95.65 | 60.02 | 85.22 |
[266/1010] 	| 78.46 | 96.23 | 60.02 | 84.62 |
[267/1010] 	| 79.78 | 96.63 | 57.74 | 83.23 |
[268/1010] 	| 79.37 | 96.41 | 57.44 | 85.12 |
[269/1010] 	| 80.46 | 96.46 | 59.62 | 85.42 |
[270/1010] 	| 80.92 | 96.80 | 56.55 | 84.52 |
[271/1010] 	| 80.19 | 96.59 | 57.64 | 83.93 |
[272/1010] 	| 79.73 | 96.60 | 60.91 | 85.22 |
[273/1010] 	| 79.85 | 96.95 | 58.13 | 86.01 |
[274/1010] 	| 80.37 | 96.86 | 59.23 | 86.71 |
[275/1010] 	| 80.23 | 96.73 | 59.23 | 87.80 |
[276/1010] 	| 80.82 | 96.83 | 57.94 | 86.81 |
[277/1010] 	| 80.20 | 96.70 | 58.73 | 86.90 |
[278/1010] 	| 80.79 | 96.89 | 56.85 | 84.23 |
[279/1010] 	| 80.28 | 96.53 | 59.42 | 86.81 |
[280/1010] 	| 81.67 | 96.99 | 60.02 | 85.62 |
[281/1010] 	| 80.65 | 96.99 | 55.75 | 84.92 |
[282/1010] 	| 80.98 | 97.00 | 57.94 | 85.12 |
[283/1010] 	| 81.33 | 97.05 | 59.72 | 86.41 |
[284/1010] 	| 82.77 | 96.83 | 58.53 | 86.11 |
[285/1010] 	| 81.24 | 96.65 | 57.64 | 84.03 |
[286/1010] 	| 81.12 | 96.69 | 59.72 | 86.41 |
[287/1010] 	| 81.25 | 97.08 | 58.23 | 83.73 |
[288/1010] 	| 81.26 | 97.13 | 57.24 | 85.42 |
[289/1010] 	| 82.87 | 97.44 | 58.13 | 84.52 |
[290/1010] 	| 81.71 | 97.10 | 57.14 | 86.01 |
[291/1010] 	| 81.77 | 97.13 | 55.36 | 83.83 |
[292/1010] 	| 82.55 | 97.46 | 59.62 | 85.81 |
[293/1010] 	| 82.31 | 96.94 | 59.92 | 85.32 |
[294/1010] 	| 81.38 | 97.25 | 58.04 | 84.13 |
[295/1010] 	| 82.66 | 97.26 | 57.84 | 83.93 |
[296/1010] 	| 83.19 | 97.32 | 59.23 | 84.33 |
[297/1010] 	| 82.06 | 97.38 | 60.52 | 87.70 |
[298/1010] 	| 83.37 | 97.62 | 56.65 | 85.32 |
[299/1010] 	| 82.74 | 97.48 | 58.73 | 85.71 |
[300/1010] 	| 83.14 | 97.31 | 60.32 | 85.42 |
[301/1010] 	| 83.03 | 97.23 | 58.43 | 84.23 |
[302/1010] 	| 83.25 | 97.48 | 59.23 | 84.82 |
[303/1010] 	| 83.01 | 97.62 | 57.54 | 84.52 |
[304/1010] 	| 81.51 | 97.19 | 58.93 | 86.61 |
[305/1010] 	| 83.53 | 97.61 | 57.84 | 86.01 |
[306/1010] 	| 82.98 | 97.59 | 58.23 | 86.01 |
[307/1010] 	| 83.64 | 97.66 | 59.42 | 85.81 |
[308/1010] 	| 84.04 | 97.51 | 59.03 | 85.32 |
[309/1010] 	| 83.27 | 97.39 | 60.22 | 85.62 |
[310/1010] 	| 83.13 | 97.16 | 58.43 | 84.82 |
[311/1010] 	| 83.47 | 97.32 | 60.71 | 83.83 |
[312/1010] 	| 84.33 | 97.81 | 60.02 | 86.41 |
[313/1010] 	| 84.85 | 98.02 | 58.63 | 85.81 |
[314/1010] 	| 83.93 | 97.58 | 61.01 | 85.32 |
[315/1010] 	| 83.72 | 97.41 | 56.55 | 85.71 |
[316/1010] 	| 84.91 | 97.71 | 60.62 | 84.62 |
[317/1010] 	| 84.13 | 97.81 | 58.63 | 85.81 |
[318/1010] 	| 85.77 | 98.18 | 58.73 | 83.83 |
[319/1010] 	| 84.09 | 97.55 | 61.41 | 85.52 |
[320/1010] 	| 84.09 | 97.79 | 57.14 | 84.13 |
[321/1010] 	| 85.04 | 97.96 | 58.53 | 85.62 |
[322/1010] 	| 84.71 | 97.80 | 57.44 | 83.93 |
[323/1010] 	| 84.80 | 97.62 | 59.52 | 85.62 |
[324/1010] 	| 84.80 | 97.73 | 60.71 | 85.81 |
[325/1010] 	| 85.06 | 97.75 | 60.71 | 85.62 |
[326/1010] 	| 85.49 | 97.82 | 59.92 | 85.81 |
[327/1010] 	| 85.35 | 97.92 | 60.02 | 85.32 |
[328/1010] 	| 84.59 | 97.78 | 61.11 | 85.81 |
[329/1010] 	| 84.66 | 97.78 | 59.03 | 85.91 |
[330/1010] 	| 85.28 | 98.00 | 60.81 | 86.01 |
[331/1010] 	| 85.81 | 97.98 | 59.23 | 84.13 |
[332/1010] 	| 85.11 | 97.78 | 58.13 | 85.52 |
[333/1010] 	| 84.76 | 97.65 | 58.33 | 85.32 |
[334/1010] 	| 86.37 | 98.48 | 59.42 | 85.52 |
[335/1010] 	| 86.51 | 98.21 | 60.22 | 86.41 |
[336/1010] 	| 86.20 | 98.19 | 57.14 | 85.52 |
[337/1010] 	| 85.51 | 98.11 | 58.73 | 84.03 |
[338/1010] 	| 85.98 | 98.12 | 58.43 | 86.01 |
[339/1010] 	| 86.29 | 98.11 | 60.22 | 85.02 |
[340/1010] 	| 85.98 | 98.17 | 58.43 | 83.53 |
[341/1010] 	| 86.14 | 98.23 | 57.84 | 83.63 |
[342/1010] 	| 83.77 | 97.78 | 56.85 | 84.82 |
[343/1010] 	| 87.13 | 98.34 | 59.52 | 84.33 |
[344/1010] 	| 87.12 | 98.34 | 58.93 | 86.01 |
[345/1010] 	| 86.37 | 98.20 | 57.44 | 85.22 |
[346/1010] 	| 85.83 | 97.95 | 58.23 | 85.42 |
[347/1010] 	| 85.98 | 97.81 | 59.62 | 84.72 |
[348/1010] 	| 87.11 | 98.42 | 59.13 | 84.62 |
[349/1010] 	| 87.38 | 98.35 | 59.42 | 85.81 |
[350/1010] 	| 86.10 | 98.12 | 58.13 | 82.64 |
[351/1010] 	| 86.24 | 98.34 | 56.94 | 83.63 |
[352/1010] 	| 87.11 | 98.23 | 57.04 | 84.42 |
[353/1010] 	| 87.67 | 98.52 | 60.71 | 85.12 |
[354/1010] 	| 86.25 | 97.94 | 58.63 | 85.62 |
[355/1010] 	| 86.77 | 98.33 | 58.43 | 83.33 |
[356/1010] 	| 86.22 | 98.21 | 60.42 | 84.82 |
[357/1010] 	| 86.10 | 98.12 | 59.23 | 83.73 |
[358/1010] 	| 86.54 | 98.31 | 58.33 | 85.91 |
[359/1010] 	| 88.68 | 98.57 | 56.55 | 83.43 |
[360/1010] 	| 87.13 | 98.32 | 56.55 | 83.63 |
[361/1010] 	| 86.99 | 98.39 | 58.63 | 86.90 |
[362/1010] 	| 86.97 | 98.15 | 59.13 | 85.22 |
[363/1010] 	| 87.32 | 98.31 | 58.93 | 85.62 |
[364/1010] 	| 88.53 | 98.63 | 60.22 | 85.22 |
[365/1010] 	| 86.91 | 98.20 | 59.42 | 84.82 |
[366/1010] 	| 86.75 | 98.09 | 59.92 | 84.42 |
[367/1010] 	| 87.23 | 98.39 | 58.93 | 85.81 |
[368/1010] 	| 87.24 | 98.25 | 59.72 | 84.72 |
[369/1010] 	| 86.61 | 98.17 | 60.02 | 85.12 |
[370/1010] 	| 87.36 | 98.63 | 58.93 | 84.13 |
[371/1010] 	| 87.70 | 98.75 | 58.04 | 85.12 |
[372/1010] 	| 88.27 | 98.42 | 56.35 | 85.22 |
[373/1010] 	| 88.35 | 98.49 | 57.64 | 83.73 |
[374/1010] 	| 87.13 | 98.34 | 55.75 | 85.02 |
[375/1010] 	| 88.36 | 98.61 | 57.44 | 84.52 |
[376/1010] 	| 88.29 | 98.38 | 57.74 | 85.12 |
[377/1010] 	| 88.33 | 98.72 | 61.11 | 86.01 |
[378/1010] 	| 87.78 | 98.28 | 57.54 | 86.31 |
[379/1010] 	| 88.55 | 98.65 | 60.91 | 85.42 |
[380/1010] 	| 89.07 | 98.63 | 59.82 | 84.23 |
[381/1010] 	| 88.17 | 98.54 | 57.74 | 84.42 |
[382/1010] 	| 88.10 | 98.48 | 57.74 | 83.93 |
[383/1010] 	| 88.68 | 98.64 | 58.83 | 86.31 |
[384/1010] 	| 88.10 | 98.34 | 58.33 | 86.51 |
[385/1010] 	| 88.35 | 98.69 | 60.42 | 84.72 |
[386/1010] 	| 88.60 | 98.27 | 55.16 | 84.72 |
[387/1010] 	| 88.08 | 98.49 | 60.42 | 86.71 |
[388/1010] 	| 88.52 | 98.53 | 58.33 | 83.73 |
[389/1010] 	| 89.29 | 98.68 | 59.03 | 84.62 |
[390/1010] 	| 87.90 | 98.33 | 60.02 | 86.01 |
[391/1010] 	| 88.36 | 98.45 | 59.62 | 85.12 |
[392/1010] 	| 89.80 | 98.74 | 58.93 | 83.63 |
[393/1010] 	| 88.67 | 98.58 | 55.95 | 83.63 |
[394/1010] 	| 87.67 | 98.34 | 59.42 | 84.92 |
[395/1010] 	| 88.97 | 98.59 | 61.21 | 85.81 |
[396/1010] 	| 89.16 | 98.69 | 61.21 | 84.92 |
[397/1010] 	| 89.40 | 98.79 | 58.53 | 85.71 |
[398/1010] 	| 89.71 | 98.78 | 61.01 | 85.62 |
[399/1010] 	| 88.67 | 98.64 | 60.02 | 84.82 |
[400/1010] 	| 88.43 | 98.54 | 57.34 | 85.62 |
[401/1010] 	| 90.04 | 98.70 | 58.04 | 84.33 |
[402/1010] 	| 89.90 | 98.88 | 59.33 | 84.33 |
[403/1010] 	| 89.21 | 98.77 | 57.14 | 83.93 |
[404/1010] 	| 88.47 | 98.59 | 56.94 | 83.53 |
[405/1010] 	| 88.81 | 98.31 | 57.04 | 84.13 |
[406/1010] 	| 90.05 | 98.95 | 59.03 | 84.23 |
[407/1010] 	| 89.39 | 98.87 | 58.93 | 85.02 |
[408/1010] 	| 89.02 | 98.55 | 59.13 | 85.22 |
[409/1010] 	| 90.17 | 98.78 | 59.52 | 84.52 |
[410/1010] 	| 89.40 | 98.74 | 58.33 | 85.81 |
[411/1010] 	| 90.02 | 98.89 | 57.94 | 84.13 |
[412/1010] 	| 88.45 | 98.61 | 58.13 | 85.52 |
[413/1010] 	| 89.21 | 98.99 | 56.55 | 82.54 |
[414/1010] 	| 89.81 | 98.75 | 56.85 | 85.52 |
[415/1010] 	| 89.41 | 98.72 | 60.32 | 84.13 |
[416/1010] 	| 89.78 | 98.69 | 57.64 | 84.23 |
[417/1010] 	| 89.95 | 98.92 | 54.27 | 84.62 |
[418/1010] 	| 90.09 | 98.85 | 59.52 | 85.42 |
[419/1010] 	| 90.60 | 98.81 | 56.65 | 83.33 |
[420/1010] 	| 89.27 | 98.72 | 61.01 | 85.42 |
[421/1010] 	| 90.89 | 99.11 | 58.43 | 83.04 |
[422/1010] 	| 89.97 | 98.99 | 60.12 | 85.12 |
[423/1010] 	| 89.60 | 98.59 | 59.03 | 83.93 |
[424/1010] 	| 89.27 | 98.79 | 59.82 | 86.01 |
[425/1010] 	| 91.00 | 99.07 | 58.73 | 84.82 |
[426/1010] 	| 89.41 | 98.62 | 59.23 | 85.81 |
[427/1010] 	| 90.57 | 98.87 | 56.25 | 86.41 |
[428/1010] 	| 89.74 | 98.77 | 59.72 | 85.42 |
[429/1010] 	| 90.61 | 98.94 | 57.64 | 83.23 |
[430/1010] 	| 89.64 | 98.84 | 59.13 | 84.52 |
[431/1010] 	| 90.57 | 98.88 | 57.74 | 83.63 |
[432/1010] 	| 91.25 | 99.11 | 61.01 | 85.62 |
[433/1010] 	| 90.80 | 98.87 | 56.94 | 84.33 |
[434/1010] 	| 90.05 | 98.75 | 58.63 | 84.72 |
[435/1010] 	| 91.00 | 99.13 | 59.23 | 84.92 |
[436/1010] 	| 90.65 | 98.84 | 58.04 | 85.42 |
[437/1010] 	| 90.89 | 98.85 | 59.13 | 85.32 |
[438/1010] 	| 91.13 | 99.12 | 59.33 | 85.02 |
[439/1010] 	| 90.14 | 98.94 | 57.04 | 84.03 |
[440/1010] 	| 90.86 | 99.14 | 59.52 | 84.23 |
[441/1010] 	| 91.10 | 98.93 | 56.85 | 86.41 |
[442/1010] 	| 91.08 | 98.93 | 59.72 | 84.92 |
[443/1010] 	| 90.81 | 99.02 | 57.64 | 83.93 |
[444/1010] 	| 90.84 | 98.85 | 58.73 | 83.43 |
[445/1010] 	| 90.10 | 98.99 | 59.42 | 84.33 |
[446/1010] 	| 91.55 | 99.27 | 60.42 | 85.91 |
[447/1010] 	| 91.20 | 98.84 | 59.92 | 84.92 |
[448/1010] 	| 90.58 | 98.79 | 55.36 | 84.52 |
[449/1010] 	| 91.19 | 99.11 | 57.84 | 84.52 |
[450/1010] 	| 90.59 | 99.07 | 56.45 | 83.83 |
[451/1010] 	| 90.78 | 98.89 | 58.23 | 83.23 |
[452/1010] 	| 91.00 | 99.09 | 59.92 | 85.81 |
[453/1010] 	| 91.27 | 99.09 | 57.14 | 85.91 |
[454/1010] 	| 90.28 | 98.84 | 59.03 | 84.13 |
[455/1010] 	| 92.06 | 99.10 | 59.23 | 84.23 |
[456/1010] 	| 91.11 | 99.00 | 60.52 | 85.91 |
[457/1010] 	| 91.76 | 99.11 | 58.53 | 84.62 |
[458/1010] 	| 91.21 | 98.97 | 59.62 | 84.23 |
[459/1010] 	| 92.00 | 99.23 | 57.44 | 84.13 |
[460/1010] 	| 90.67 | 99.03 | 57.54 | 86.21 |
[461/1010] 	| 90.64 | 98.85 | 57.54 | 86.31 |
[462/1010] 	| 91.06 | 99.12 | 57.84 | 85.32 |
[463/1010] 	| 91.73 | 99.25 | 57.74 | 84.62 |
[464/1010] 	| 91.78 | 99.18 | 58.33 | 86.61 |
[465/1010] 	| 91.86 | 99.02 | 59.33 | 85.71 |
[466/1010] 	| 92.43 | 99.10 | 59.33 | 85.02 |
[467/1010] 	| 91.18 | 99.15 | 57.94 | 86.21 |
[468/1010] 	| 90.54 | 98.89 | 59.13 | 83.93 |
[469/1010] 	| 92.40 | 99.28 | 59.72 | 84.13 |
[470/1010] 	| 91.49 | 99.07 | 58.73 | 84.82 |
[471/1010] 	| 91.61 | 99.09 | 53.47 | 82.24 |
[472/1010] 	| 91.28 | 99.07 | 57.34 | 85.32 |
[473/1010] 	| 91.43 | 98.99 | 57.04 | 84.42 |
[474/1010] 	| 91.99 | 99.14 | 56.35 | 85.71 |
[475/1010] 	| 92.12 | 99.15 | 58.63 | 86.31 |
[476/1010] 	| 92.14 | 99.23 | 57.54 | 84.72 |
[477/1010] 	| 91.69 | 99.03 | 59.42 | 84.23 |
[478/1010] 	| 90.56 | 98.88 | 60.71 | 84.92 |
[479/1010] 	| 91.44 | 99.19 | 61.01 | 87.40 |
[480/1010] 	| 92.02 | 99.11 | 62.00 | 86.71 |
[481/1010] 	| 92.20 | 99.04 | 58.13 | 85.12 |
[482/1010] 	| 91.96 | 99.07 | 57.34 | 84.82 |
[483/1010] 	| 92.00 | 99.38 | 58.43 | 85.81 |
[484/1010] 	| 92.08 | 99.25 | 57.04 | 84.33 |
[485/1010] 	| 91.92 | 99.21 | 57.64 | 85.12 |
[486/1010] 	| 93.39 | 99.40 | 57.34 | 83.73 |
[487/1010] 	| 91.89 | 99.20 | 59.72 | 83.83 |
[488/1010] 	| 91.40 | 99.29 | 58.33 | 83.63 |
[489/1010] 	| 91.85 | 99.20 | 59.52 | 84.13 |
[490/1010] 	| 92.39 | 99.20 | 59.23 | 84.33 |
[491/1010] 	| 92.80 | 99.11 | 60.81 | 85.12 |
[492/1010] 	| 92.33 | 99.14 | 57.94 | 85.62 |
[493/1010] 	| 92.04 | 99.15 | 59.92 | 83.53 |
[494/1010] 	| 92.66 | 99.37 | 60.52 | 85.62 |
[495/1010] 	| 92.82 | 99.29 | 59.72 | 85.22 |
[496/1010] 	| 92.55 | 99.17 | 59.82 | 83.63 |
[497/1010] 	| 92.73 | 99.21 | 59.62 | 84.42 |
[498/1010] 	| 92.37 | 99.33 | 58.33 | 84.33 |
[499/1010] 	| 92.97 | 99.43 | 58.43 | 83.63 |
[500/1010] 	| 92.69 | 99.20 | 59.52 | 84.13 |
[501/1010] 	| 93.04 | 99.31 | 56.25 | 84.72 |
[502/1010] 	| 92.95 | 99.21 | 57.14 | 83.83 |
[503/1010] 	| 93.42 | 99.43 | 60.02 | 84.62 |
[504/1010] 	| 93.08 | 99.28 | 60.32 | 85.81 |
[505/1010] 	| 92.99 | 99.29 | 58.53 | 84.52 |
[506/1010] 	| 93.38 | 99.30 | 58.63 | 82.94 |
[507/1010] 	| 92.80 | 99.39 | 58.93 | 84.72 |
[508/1010] 	| 92.68 | 99.18 | 58.33 | 83.93 |
[509/1010] 	| 92.52 | 99.15 | 57.74 | 84.42 |
[510/1010] 	| 93.33 | 99.39 | 59.03 | 83.63 |
[511/1010] 	| 94.02 | 99.54 | 59.42 | 83.93 |
[512/1010] 	| 91.98 | 99.12 | 60.52 | 85.32 |
[513/1010] 	| 92.92 | 99.37 | 59.62 | 83.04 |
[514/1010] 	| 93.43 | 99.35 | 60.12 | 86.41 |
[515/1010] 	| 93.66 | 99.31 | 58.43 | 84.52 |
[516/1010] 	| 92.93 | 99.10 | 59.52 | 84.42 |
[517/1010] 	| 93.04 | 99.23 | 59.03 | 85.62 |
[518/1010] 	| 93.26 | 99.29 | 59.92 | 84.92 |
[519/1010] 	| 93.62 | 99.35 | 55.85 | 83.73 |
[520/1010] 	| 93.22 | 99.19 | 57.84 | 85.42 |
[521/1010] 	| 93.55 | 99.39 | 59.03 | 84.62 |
[522/1010] 	| 93.64 | 99.47 | 59.92 | 85.02 |
[523/1010] 	| 93.38 | 99.38 | 60.12 | 86.21 |
[524/1010] 	| 93.66 | 99.28 | 61.61 | 85.62 |
[525/1010] 	| 93.72 | 99.40 | 59.33 | 85.32 |
[526/1010] 	| 93.49 | 99.42 | 60.22 | 84.62 |
[527/1010] 	| 93.69 | 99.41 | 59.03 | 83.04 |
[528/1010] 	| 93.16 | 99.43 | 59.92 | 84.13 |
[529/1010] 	| 94.03 | 99.47 | 59.92 | 84.13 |
[530/1010] 	| 93.34 | 99.35 | 60.81 | 86.41 |
[531/1010] 	| 93.79 | 99.39 | 61.21 | 84.72 |
[532/1010] 	| 93.74 | 99.34 | 60.12 | 83.23 |
[533/1010] 	| 94.01 | 99.38 | 60.81 | 84.62 |
[534/1010] 	| 94.13 | 99.48 | 58.83 | 84.13 |
[535/1010] 	| 93.83 | 99.42 | 58.63 | 82.74 |
[536/1010] 	| 93.67 | 99.35 | 59.92 | 85.81 |
[537/1010] 	| 93.58 | 99.43 | 60.12 | 85.22 |
[538/1010] 	| 93.76 | 99.35 | 58.04 | 84.42 |
[539/1010] 	| 93.87 | 99.34 | 57.74 | 83.43 |
[540/1010] 	| 93.64 | 99.46 | 60.71 | 84.23 |
[541/1010] 	| 93.45 | 99.49 | 59.82 | 84.62 |
[542/1010] 	| 94.31 | 99.51 | 59.72 | 83.23 |
[543/1010] 	| 93.93 | 99.60 | 57.74 | 86.21 |
[544/1010] 	| 94.48 | 99.34 | 59.23 | 83.43 |
[545/1010] 	| 93.75 | 99.38 | 58.93 | 82.64 |
[546/1010] 	| 94.09 | 99.51 | 60.22 | 85.91 |
[547/1010] 	| 94.54 | 99.57 | 58.83 | 85.12 |
[548/1010] 	| 94.06 | 99.53 | 57.54 | 85.32 |
[549/1010] 	| 93.41 | 99.41 | 59.03 | 83.53 |
[550/1010] 	| 94.62 | 99.53 | 59.82 | 84.52 |
[551/1010] 	| 93.72 | 99.47 | 61.11 | 85.52 |
[552/1010] 	| 94.34 | 99.50 | 59.03 | 85.81 |
[553/1010] 	| 95.03 | 99.61 | 59.42 | 85.52 |
[554/1010] 	| 93.97 | 99.46 | 57.04 | 83.93 |
[555/1010] 	| 94.77 | 99.61 | 59.92 | 85.22 |
[556/1010] 	| 94.55 | 99.61 | 59.52 | 85.42 |
[557/1010] 	| 93.96 | 99.48 | 58.53 | 82.64 |
[558/1010] 	| 94.14 | 99.40 | 59.82 | 86.01 |
[559/1010] 	| 93.99 | 99.52 | 62.30 | 84.33 |
[560/1010] 	| 95.21 | 99.58 | 57.44 | 83.83 |
[561/1010] 	| 94.46 | 99.35 | 59.03 | 84.52 |
[562/1010] 	| 93.97 | 99.23 | 58.04 | 84.52 |
[563/1010] 	| 94.26 | 99.49 | 60.32 | 84.03 |
[564/1010] 	| 95.10 | 99.63 | 58.63 | 84.82 |
[565/1010] 	| 94.80 | 99.44 | 58.13 | 83.63 |
[566/1010] 	| 94.09 | 99.52 | 58.93 | 84.03 |
[567/1010] 	| 94.18 | 99.49 | 59.52 | 83.83 |
[568/1010] 	| 95.36 | 99.60 | 59.13 | 84.52 |
[569/1010] 	| 94.82 | 99.66 | 58.63 | 84.23 |
[570/1010] 	| 94.35 | 99.50 | 59.42 | 85.02 |
[571/1010] 	| 94.78 | 99.51 | 60.12 | 84.03 |
[572/1010] 	| 94.57 | 99.54 | 57.54 | 85.52 |
[573/1010] 	| 94.38 | 99.47 | 57.44 | 84.62 |
[574/1010] 	| 95.27 | 99.61 | 59.82 | 85.02 |
[575/1010] 	| 94.76 | 99.58 | 59.82 | 83.43 |
[576/1010] 	| 95.10 | 99.57 | 60.62 | 85.02 |
[577/1010] 	| 94.95 | 99.51 | 58.83 | 83.53 |
[578/1010] 	| 94.57 | 99.54 | 57.94 | 83.13 |
[579/1010] 	| 95.13 | 99.57 | 59.92 | 84.33 |
[580/1010] 	| 95.16 | 99.39 | 58.53 | 84.03 |
[581/1010] 	| 94.98 | 99.56 | 58.53 | 83.04 |
[582/1010] 	| 94.98 | 99.43 | 58.83 | 85.32 |
[583/1010] 	| 94.94 | 99.57 | 58.73 | 84.82 |
[584/1010] 	| 95.14 | 99.64 | 59.42 | 83.83 |
[585/1010] 	| 95.21 | 99.61 | 59.92 | 84.62 |
[586/1010] 	| 94.55 | 99.51 | 60.02 | 84.52 |
[587/1010] 	| 95.28 | 99.63 | 60.12 | 85.02 |
[588/1010] 	| 95.81 | 99.74 | 58.23 | 85.62 |
[589/1010] 	| 95.22 | 99.68 | 59.23 | 85.12 |
[590/1010] 	| 94.94 | 99.59 | 57.64 | 84.52 |
[591/1010] 	| 94.87 | 99.41 | 57.64 | 85.02 |
[592/1010] 	| 95.82 | 99.61 | 60.52 | 84.82 |
[593/1010] 	| 95.08 | 99.59 | 58.73 | 83.53 |
[594/1010] 	| 95.66 | 99.68 | 57.54 | 84.62 |
[595/1010] 	| 94.95 | 99.42 | 58.73 | 84.33 |
[596/1010] 	| 95.43 | 99.68 | 57.44 | 83.13 |
[597/1010] 	| 95.18 | 99.69 | 56.85 | 84.82 |
[598/1010] 	| 95.38 | 99.58 | 59.13 | 84.82 |
[599/1010] 	| 96.17 | 99.63 | 58.63 | 83.83 |
[600/1010] 	| 96.06 | 99.73 | 58.63 | 84.82 |
[601/1010] 	| 94.86 | 99.64 | 57.84 | 84.62 |
[602/1010] 	| 95.31 | 99.62 | 59.13 | 85.81 |
[603/1010] 	| 95.55 | 99.71 | 61.81 | 85.42 |
[604/1010] 	| 96.37 | 99.73 | 59.52 | 85.42 |
[605/1010] 	| 95.38 | 99.63 | 57.34 | 85.02 |
[606/1010] 	| 96.03 | 99.66 | 57.84 | 83.43 |
[607/1010] 	| 94.77 | 99.62 | 58.63 | 84.92 |
[608/1010] 	| 95.93 | 99.71 | 59.42 | 86.11 |
[609/1010] 	| 95.55 | 99.52 | 58.73 | 84.33 |
[610/1010] 	| 95.30 | 99.64 | 58.43 | 84.62 |
[611/1010] 	| 95.66 | 99.71 | 58.63 | 83.63 |
[612/1010] 	| 96.01 | 99.71 | 58.93 | 84.33 |
[613/1010] 	| 95.81 | 99.67 | 55.46 | 85.62 |
[614/1010] 	| 95.72 | 99.61 | 60.22 | 84.42 |
[615/1010] 	| 96.13 | 99.73 | 58.33 | 84.33 |
[616/1010] 	| 96.09 | 99.73 | 60.22 | 85.42 |
[617/1010] 	| 96.16 | 99.71 | 58.04 | 84.72 |
[618/1010] 	| 96.12 | 99.63 | 56.65 | 84.33 |
[619/1010] 	| 95.86 | 99.71 | 59.42 | 85.12 |
[620/1010] 	| 96.40 | 99.74 | 56.05 | 83.63 |
[621/1010] 	| 95.23 | 99.71 | 58.73 | 86.01 |
[622/1010] 	| 95.54 | 99.73 | 56.15 | 84.42 |
[623/1010] 	| 96.24 | 99.63 | 57.54 | 84.13 |
[624/1010] 	| 95.80 | 99.70 | 60.22 | 85.71 |
[625/1010] 	| 96.36 | 99.82 | 59.72 | 84.82 |
[626/1010] 	| 96.31 | 99.67 | 55.56 | 83.23 |
[627/1010] 	| 96.19 | 99.70 | 56.75 | 84.33 |
[628/1010] 	| 95.81 | 99.73 | 58.43 | 84.03 |
[629/1010] 	| 96.26 | 99.66 | 57.84 | 84.13 |
[630/1010] 	| 96.31 | 99.72 | 61.01 | 85.62 |
[631/1010] 	| 95.93 | 99.77 | 60.02 | 84.13 |
[632/1010] 	| 96.05 | 99.69 | 59.03 | 84.72 |
[633/1010] 	| 95.93 | 99.77 | 58.33 | 84.23 |
[634/1010] 	| 96.03 | 99.74 | 59.03 | 83.63 |
[635/1010] 	| 96.19 | 99.69 | 57.54 | 84.92 |
[636/1010] 	| 96.67 | 99.72 | 59.13 | 84.62 |
[637/1010] 	| 96.77 | 99.77 | 58.53 | 83.43 |
[638/1010] 	| 96.57 | 99.72 | 59.62 | 84.13 |
[639/1010] 	| 95.95 | 99.67 | 57.54 | 83.13 |
[640/1010] 	| 96.66 | 99.72 | 59.82 | 83.83 |
[641/1010] 	| 96.91 | 99.80 | 57.94 | 84.92 |
[642/1010] 	| 96.47 | 99.69 | 59.23 | 84.52 |
[643/1010] 	| 96.05 | 99.70 | 58.13 | 85.12 |
[644/1010] 	| 96.86 | 99.73 | 58.63 | 84.42 |
[645/1010] 	| 95.92 | 99.64 | 60.71 | 84.42 |
[646/1010] 	| 96.75 | 99.76 | 59.82 | 84.52 |
[647/1010] 	| 97.02 | 99.73 | 58.63 | 85.71 |
[648/1010] 	| 96.54 | 99.70 | 58.73 | 85.32 |
[649/1010] 	| 96.71 | 99.71 | 61.31 | 87.50 |
[650/1010] 	| 96.99 | 99.76 | 60.62 | 85.91 |
[651/1010] 	| 96.16 | 99.61 | 59.03 | 82.64 |
[652/1010] 	| 96.84 | 99.81 | 57.44 | 83.93 |
[653/1010] 	| 96.88 | 99.78 | 58.04 | 83.43 |
[654/1010] 	| 97.22 | 99.84 | 59.92 | 87.20 |
[655/1010] 	| 97.04 | 99.86 | 57.14 | 85.12 |
[656/1010] 	| 96.43 | 99.70 | 57.64 | 83.43 |
[657/1010] 	| 96.50 | 99.76 | 59.72 | 84.92 |
[658/1010] 	| 96.71 | 99.72 | 59.23 | 86.01 |
[659/1010] 	| 96.73 | 99.67 | 58.13 | 85.22 |
[660/1010] 	| 96.99 | 99.83 | 58.83 | 83.93 |
[661/1010] 	| 97.20 | 99.84 | 59.23 | 85.42 |
[662/1010] 	| 96.53 | 99.64 | 58.53 | 84.33 |
[663/1010] 	| 96.35 | 99.76 | 59.13 | 84.72 |
[664/1010] 	| 96.94 | 99.80 | 59.82 | 84.42 |
[665/1010] 	| 97.02 | 99.82 | 59.82 | 84.23 |
[666/1010] 	| 96.93 | 99.81 | 59.52 | 85.42 |
[667/1010] 	| 97.03 | 99.78 | 58.63 | 84.92 |
[668/1010] 	| 97.46 | 99.83 | 60.42 | 85.32 |
[669/1010] 	| 97.25 | 99.83 | 59.33 | 84.62 |
[670/1010] 	| 96.57 | 99.78 | 58.93 | 84.82 |
[671/1010] 	| 97.22 | 99.84 | 57.74 | 85.42 |
[672/1010] 	| 96.59 | 99.74 | 55.95 | 83.73 |
[673/1010] 	| 96.88 | 99.82 | 59.92 | 86.31 |
[674/1010] 	| 97.25 | 99.88 | 59.42 | 85.81 |
[675/1010] 	| 97.40 | 99.84 | 59.03 | 85.71 |
[676/1010] 	| 96.71 | 99.70 | 61.01 | 84.82 |
[677/1010] 	| 96.95 | 99.76 | 59.62 | 85.71 |
[678/1010] 	| 97.61 | 99.81 | 58.53 | 85.12 |
[679/1010] 	| 97.61 | 99.86 | 59.62 | 83.83 |
[680/1010] 	| 97.75 | 99.83 | 59.82 | 85.52 |
[681/1010] 	| 97.11 | 99.87 | 57.24 | 84.13 |
[682/1010] 	| 97.28 | 99.84 | 58.43 | 86.61 |
[683/1010] 	| 97.64 | 99.88 | 61.21 | 85.32 |
[684/1010] 	| 97.56 | 99.88 | 59.92 | 87.50 |
[685/1010] 	| 97.71 | 99.88 | 57.74 | 85.22 |
[686/1010] 	| 97.01 | 99.81 | 55.36 | 84.62 |
[687/1010] 	| 97.29 | 99.78 | 60.62 | 84.33 |
[688/1010] 	| 97.58 | 99.88 | 57.14 | 84.92 |
[689/1010] 	| 97.56 | 99.78 | 57.44 | 84.52 |
[690/1010] 	| 97.52 | 99.86 | 58.53 | 85.32 |
[691/1010] 	| 97.24 | 99.86 | 57.74 | 83.13 |
[692/1010] 	| 97.50 | 99.86 | 57.74 | 83.23 |
[693/1010] 	| 97.45 | 99.90 | 59.52 | 84.23 |
[694/1010] 	| 97.50 | 99.77 | 58.23 | 83.43 |
[695/1010] 	| 97.58 | 99.87 | 59.03 | 84.62 |
[696/1010] 	| 97.61 | 99.88 | 59.33 | 84.33 |
[697/1010] 	| 97.89 | 99.92 | 56.85 | 83.73 |
[698/1010] 	| 97.92 | 99.86 | 57.14 | 84.03 |
[699/1010] 	| 97.86 | 99.87 | 58.73 | 83.23 |
[700/1010] 	| 97.59 | 99.82 | 59.33 | 85.32 |
[701/1010] 	| 97.04 | 99.66 | 59.92 | 84.42 |
[702/1010] 	| 97.64 | 99.79 | 60.22 | 85.42 |
[703/1010] 	| 97.63 | 99.72 | 59.03 | 86.11 |
[704/1010] 	| 97.73 | 99.82 | 59.03 | 84.72 |
[705/1010] 	| 97.63 | 99.86 | 58.83 | 83.73 |
[706/1010] 	| 97.56 | 99.82 | 60.71 | 83.53 |
[707/1010] 	| 97.58 | 99.83 | 57.24 | 85.12 |
[708/1010] 	| 97.93 | 99.88 | 57.44 | 85.02 |
[709/1010] 	| 98.02 | 99.93 | 58.53 | 84.23 |
[710/1010] 	| 97.79 | 99.92 | 58.43 | 83.63 |
[711/1010] 	| 97.98 | 99.83 | 57.94 | 82.74 |
[712/1010] 	| 98.38 | 99.83 | 57.34 | 82.14 |
[713/1010] 	| 97.76 | 99.83 | 58.53 | 83.23 |
[714/1010] 	| 98.12 | 99.93 | 58.73 | 84.82 |
[715/1010] 	| 97.85 | 99.89 | 58.83 | 84.72 |
[716/1010] 	| 97.80 | 99.82 | 58.53 | 84.82 |
[717/1010] 	| 97.76 | 99.86 | 56.85 | 84.42 |
[718/1010] 	| 98.15 | 99.87 | 57.94 | 83.73 |
[719/1010] 	| 97.59 | 99.86 | 57.94 | 84.03 |
[720/1010] 	| 98.17 | 99.86 | 56.75 | 83.33 |
[721/1010] 	| 98.08 | 99.91 | 56.65 | 86.01 |
[722/1010] 	| 98.18 | 99.83 | 57.74 | 84.03 |
[723/1010] 	| 98.00 | 99.88 | 60.32 | 84.23 |
[724/1010] 	| 98.25 | 99.83 | 57.64 | 83.43 |
[725/1010] 	| 97.75 | 99.84 | 58.33 | 84.03 |
[726/1010] 	| 98.06 | 99.92 | 57.04 | 84.82 |
[727/1010] 	| 98.42 | 99.90 | 58.83 | 84.62 |
[728/1010] 	| 97.98 | 99.89 | 59.03 | 84.03 |
[729/1010] 	| 97.93 | 99.83 | 58.83 | 84.03 |
[730/1010] 	| 98.18 | 99.92 | 60.02 | 82.94 |
[731/1010] 	| 98.04 | 99.88 | 60.42 | 85.02 |
[732/1010] 	| 98.32 | 99.91 | 59.82 | 83.63 |
[733/1010] 	| 97.99 | 99.89 | 56.05 | 83.23 |
[734/1010] 	| 98.30 | 99.87 | 58.04 | 83.04 |
[735/1010] 	| 98.11 | 99.92 | 59.72 | 84.92 |
[736/1010] 	| 98.25 | 99.97 | 59.33 | 85.12 |
[737/1010] 	| 98.34 | 99.93 | 57.24 | 84.62 |
[738/1010] 	| 98.19 | 99.93 | 60.81 | 85.32 |
[739/1010] 	| 98.37 | 99.91 | 56.65 | 84.62 |
[740/1010] 	| 98.45 | 99.94 | 58.43 | 83.23 |
[741/1010] 	| 98.04 | 99.91 | 57.54 | 83.63 |
[742/1010] 	| 98.53 | 99.93 | 60.22 | 85.81 |
[743/1010] 	| 98.52 | 99.91 | 59.13 | 84.42 |
[744/1010] 	| 97.92 | 99.86 | 57.34 | 84.03 |
[745/1010] 	| 98.38 | 99.93 | 60.32 | 85.91 |
[746/1010] 	| 98.42 | 99.94 | 58.23 | 84.52 |
[747/1010] 	| 98.27 | 99.89 | 60.02 | 84.13 |
[748/1010] 	| 98.41 | 99.94 | 60.42 | 84.82 |
[749/1010] 	| 98.24 | 99.83 | 59.13 | 83.73 |
[750/1010] 	| 98.47 | 99.91 | 56.85 | 85.12 |
[751/1010] 	| 98.34 | 99.92 | 59.23 | 85.02 |
[752/1010] 	| 98.67 | 99.88 | 59.03 | 84.52 |
[753/1010] 	| 98.71 | 99.90 | 59.42 | 85.42 |
[754/1010] 	| 98.51 | 99.97 | 57.84 | 84.92 |
[755/1010] 	| 98.55 | 99.94 | 58.04 | 82.94 |
[756/1010] 	| 98.19 | 99.92 | 59.33 | 84.52 |
[757/1010] 	| 98.35 | 99.93 | 57.04 | 85.62 |
[758/1010] 	| 98.82 | 99.96 | 59.72 | 85.71 |
[759/1010] 	| 98.49 | 99.94 | 59.33 | 85.81 |
[760/1010] 	| 98.72 | 99.87 | 58.53 | 84.23 |
[761/1010] 	| 98.65 | 99.91 | 60.12 | 84.52 |
[762/1010] 	| 98.65 | 99.91 | 59.72 | 84.82 |
[763/1010] 	| 98.64 | 99.89 | 58.53 | 85.91 |
[764/1010] 	| 98.62 | 99.92 | 59.82 | 84.42 |
[765/1010] 	| 98.51 | 99.83 | 58.53 | 83.93 |
[766/1010] 	| 98.49 | 99.88 | 57.84 | 84.62 |
[767/1010] 	| 98.65 | 99.93 | 59.03 | 84.13 |
[768/1010] 	| 98.83 | 99.99 | 58.33 | 84.13 |
[769/1010] 	| 98.42 | 99.92 | 57.54 | 84.42 |
[770/1010] 	| 98.72 | 99.94 | 58.93 | 84.03 |
[771/1010] 	| 98.71 | 99.92 | 58.93 | 84.82 |
[772/1010] 	| 98.70 | 99.90 | 57.64 | 83.13 |
[773/1010] 	| 98.87 | 99.97 | 60.52 | 84.42 |
[774/1010] 	| 99.13 | 99.98 | 55.36 | 82.94 |
[775/1010] 	| 98.82 | 99.96 | 57.84 | 82.64 |
[776/1010] 	| 98.62 | 99.89 | 60.81 | 84.62 |
[777/1010] 	| 98.94 | 99.93 | 57.14 | 84.92 |
[778/1010] 	| 99.03 | 99.96 | 59.72 | 84.23 |
[779/1010] 	| 98.81 | 99.96 | 57.04 | 83.23 |
[780/1010] 	| 98.60 | 99.94 | 58.53 | 83.93 |
[781/1010] 	| 98.73 | 99.92 | 62.20 | 84.23 |
[782/1010] 	| 98.79 | 99.93 | 59.13 | 85.22 |
[783/1010] 	| 98.97 | 99.94 | 60.62 | 85.42 |
[784/1010] 	| 98.87 | 99.94 | 59.42 | 84.03 |
[785/1010] 	| 98.94 | 99.91 | 60.62 | 84.72 |
[786/1010] 	| 98.98 | 99.93 | 59.13 | 85.22 |
[787/1010] 	| 98.95 | 99.94 | 60.02 | 84.92 |
[788/1010] 	| 98.65 | 99.92 | 58.33 | 84.82 |
[789/1010] 	| 98.97 | 99.94 | 57.44 | 85.02 |
[790/1010] 	| 99.04 | 99.96 | 60.62 | 83.73 |
[791/1010] 	| 99.12 | 99.99 | 60.02 | 83.93 |
[792/1010] 	| 99.09 | 99.97 | 61.21 | 83.13 |
[793/1010] 	| 99.34 | 99.96 | 58.83 | 84.33 |
[794/1010] 	| 98.82 | 99.94 | 61.01 | 83.83 |
[795/1010] 	| 98.99 | 99.96 | 58.73 | 83.83 |
[796/1010] 	| 99.32 | 99.99 | 61.11 | 85.22 |
[797/1010] 	| 99.04 | 99.94 | 61.01 | 83.83 |
[798/1010] 	| 99.05 | 99.97 | 58.53 | 83.63 |
[799/1010] 	| 99.12 | 99.94 | 61.01 | 86.21 |
[800/1010] 	| 99.13 | 99.91 | 59.23 | 84.52 |
[801/1010] 	| 99.14 | 99.93 | 60.42 | 83.63 |
[802/1010] 	| 99.01 | 99.93 | 58.63 | 83.43 |
[803/1010] 	| 99.02 | 99.97 | 58.73 | 82.84 |
[804/1010] 	| 99.07 | 99.97 | 60.81 | 85.71 |
[805/1010] 	| 99.05 | 99.96 | 58.23 | 83.23 |
[806/1010] 	| 99.21 | 99.98 | 60.02 | 85.62 |
[807/1010] 	| 99.19 | 99.97 | 59.52 | 85.42 |
[808/1010] 	| 99.31 | 99.98 | 59.52 | 84.82 |
[809/1010] 	| 99.23 | 99.99 | 58.73 | 84.82 |
[810/1010] 	| 99.05 | 99.98 | 59.13 | 85.22 |
[811/1010] 	| 99.18 | 99.93 | 59.42 | 85.22 |
[812/1010] 	| 99.24 | 99.96 | 59.23 | 83.53 |
[813/1010] 	| 99.18 | 99.97 | 59.92 | 84.23 |
[814/1010] 	| 98.97 | 99.96 | 59.03 | 84.23 |
[815/1010] 	| 99.14 | 99.99 | 58.63 | 87.50 |
[816/1010] 	| 99.11 | 99.96 | 59.03 | 85.62 |
[817/1010] 	| 99.34 | 99.98 | 58.83 | 84.92 |
[818/1010] 	| 99.37 | 100.00 | 59.72 | 85.12 |
[819/1010] 	| 99.48 | 99.99 | 60.52 | 85.22 |
[820/1010] 	| 99.34 | 99.99 | 59.42 | 83.43 |
[821/1010] 	| 99.25 | 99.93 | 58.33 | 85.02 |
[822/1010] 	| 99.29 | 99.98 | 59.42 | 82.64 |
[823/1010] 	| 99.30 | 99.98 | 59.23 | 85.91 |
[824/1010] 	| 99.37 | 99.98 | 57.94 | 84.82 |
[825/1010] 	| 99.19 | 99.96 | 62.50 | 84.13 |
[826/1010] 	| 99.50 | 99.97 | 60.12 | 84.62 |
[827/1010] 	| 99.39 | 100.00 | 57.34 | 83.63 |
[828/1010] 	| 99.35 | 99.96 | 57.94 | 83.93 |
[829/1010] 	| 99.32 | 99.98 | 58.33 | 84.13 |
[830/1010] 	| 99.35 | 99.97 | 59.52 | 84.62 |
[831/1010] 	| 99.51 | 99.99 | 56.85 | 84.23 |
[832/1010] 	| 99.57 | 99.97 | 59.23 | 83.63 |
[833/1010] 	| 99.35 | 99.97 | 58.33 | 85.32 |
[834/1010] 	| 99.54 | 99.99 | 56.94 | 82.74 |
[835/1010] 	| 99.41 | 99.99 | 57.64 | 83.43 |
[836/1010] 	| 99.35 | 99.98 | 60.12 | 83.93 |
[837/1010] 	| 99.35 | 99.94 | 60.12 | 84.33 |
[838/1010] 	| 99.47 | 99.99 | 58.63 | 82.54 |
[839/1010] 	| 99.44 | 99.94 | 59.72 | 82.94 |
[840/1010] 	| 99.53 | 99.98 | 58.73 | 83.93 |
[841/1010] 	| 99.57 | 99.98 | 57.94 | 84.42 |
[842/1010] 	| 99.39 | 99.97 | 58.43 | 82.74 |
[843/1010] 	| 99.35 | 99.99 | 58.33 | 84.62 |
[844/1010] 	| 99.41 | 99.93 | 58.53 | 85.22 |
[845/1010] 	| 99.30 | 99.94 | 58.63 | 83.73 |
[846/1010] 	| 99.42 | 99.98 | 57.14 | 82.64 |
[847/1010] 	| 99.53 | 99.99 | 56.35 | 85.52 |
[848/1010] 	| 99.34 | 99.99 | 58.43 | 84.92 |
[849/1010] 	| 99.57 | 100.00 | 60.32 | 85.02 |
[850/1010] 	| 99.50 | 99.96 | 59.52 | 85.22 |
[851/1010] 	| 99.67 | 99.98 | 59.62 | 85.02 |
[852/1010] 	| 99.61 | 99.99 | 59.92 | 84.72 |
[853/1010] 	| 99.59 | 100.00 | 58.73 | 84.23 |
[854/1010] 	| 99.53 | 99.99 | 58.53 | 84.62 |
[855/1010] 	| 99.52 | 99.99 | 55.95 | 84.23 |
[856/1010] 	| 99.51 | 99.99 | 57.84 | 85.12 |
[857/1010] 	| 99.58 | 99.99 | 58.93 | 83.73 |
[858/1010] 	| 99.68 | 99.98 | 60.22 | 84.03 |
[859/1010] 	| 99.66 | 99.99 | 56.85 | 85.12 |
[860/1010] 	| 99.59 | 100.00 | 57.64 | 84.92 |
[861/1010] 	| 99.61 | 99.98 | 60.12 | 83.53 |
[862/1010] 	| 99.61 | 100.00 | 58.43 | 83.43 |
[863/1010] 	| 99.37 | 99.98 | 57.44 | 84.33 |
[864/1010] 	| 99.54 | 99.98 | 59.52 | 83.73 |
[865/1010] 	| 99.64 | 99.98 | 60.62 | 84.42 |
[866/1010] 	| 99.57 | 99.97 | 58.53 | 85.62 |
[867/1010] 	| 99.57 | 99.98 | 59.33 | 85.81 |
[868/1010] 	| 99.60 | 99.99 | 58.63 | 85.22 |
[869/1010] 	| 99.70 | 99.99 | 59.03 | 84.82 |
[870/1010] 	| 99.70 | 99.99 | 57.94 | 85.32 |
[871/1010] 	| 99.68 | 100.00 | 59.82 | 84.72 |
[872/1010] 	| 99.77 | 99.99 | 58.83 | 82.64 |
[873/1010] 	| 99.72 | 99.99 | 59.42 | 85.12 |
[874/1010] 	| 99.72 | 99.99 | 58.33 | 83.93 |
[875/1010] 	| 99.84 | 100.00 | 58.33 | 83.63 |
[876/1010] 	| 99.72 | 99.99 | 59.13 | 84.42 |
[877/1010] 	| 99.50 | 99.98 | 59.03 | 83.13 |
[878/1010] 	| 99.78 | 99.99 | 59.42 | 83.53 |
[879/1010] 	| 99.56 | 99.98 | 58.63 | 85.71 |
[880/1010] 	| 99.57 | 99.98 | 59.23 | 85.42 |
[881/1010] 	| 99.74 | 99.99 | 58.13 | 84.72 |
[882/1010] 	| 99.73 | 100.00 | 59.82 | 84.62 |
[883/1010] 	| 99.70 | 100.00 | 58.53 | 83.33 |
[884/1010] 	| 99.84 | 100.00 | 58.93 | 84.33 |
[885/1010] 	| 99.80 | 99.99 | 58.43 | 84.33 |
[886/1010] 	| 99.80 | 100.00 | 59.42 | 83.04 |
[887/1010] 	| 99.67 | 99.99 | 59.62 | 82.94 |
[888/1010] 	| 99.77 | 100.00 | 58.23 | 84.42 |
[889/1010] 	| 99.76 | 99.99 | 59.33 | 83.83 |
[890/1010] 	| 99.71 | 99.99 | 57.84 | 84.82 |
[891/1010] 	| 99.79 | 100.00 | 58.23 | 85.42 |
[892/1010] 	| 99.83 | 100.00 | 59.13 | 84.52 |
[893/1010] 	| 99.63 | 99.98 | 59.23 | 84.52 |
[894/1010] 	| 99.80 | 100.00 | 58.04 | 85.22 |
[895/1010] 	| 99.73 | 100.00 | 60.71 | 85.02 |
[896/1010] 	| 99.81 | 100.00 | 57.84 | 84.82 |
[897/1010] 	| 99.76 | 100.00 | 59.13 | 84.03 |
[898/1010] 	| 99.78 | 99.99 | 58.53 | 84.82 |
[899/1010] 	| 99.70 | 99.99 | 60.12 | 85.12 |
[900/1010] 	| 99.74 | 100.00 | 58.13 | 84.92 |
[901/1010] 	| 99.83 | 99.99 | 58.73 | 84.13 |
[902/1010] 	| 99.83 | 100.00 | 59.13 | 82.94 |
[903/1010] 	| 99.78 | 99.99 | 58.63 | 83.83 |
[904/1010] 	| 99.82 | 100.00 | 60.52 | 85.02 |
[905/1010] 	| 99.82 | 100.00 | 58.23 | 83.73 |
[906/1010] 	| 99.71 | 99.99 | 58.83 | 84.23 |
[907/1010] 	| 99.73 | 100.00 | 57.74 | 82.94 |
[908/1010] 	| 99.84 | 100.00 | 58.63 | 84.23 |
[909/1010] 	| 99.91 | 100.00 | 59.52 | 83.43 |
[910/1010] 	| 99.81 | 99.99 | 57.84 | 84.82 |
[911/1010] 	| 99.78 | 99.99 | 59.03 | 83.23 |
[912/1010] 	| 99.82 | 100.00 | 58.83 | 84.42 |
[913/1010] 	| 99.81 | 100.00 | 57.34 | 83.13 |
[914/1010] 	| 99.83 | 100.00 | 59.92 | 84.82 |
[915/1010] 	| 99.80 | 100.00 | 59.72 | 85.12 |
[916/1010] 	| 99.78 | 99.99 | 58.73 | 84.13 |
[917/1010] 	| 99.77 | 100.00 | 59.13 | 83.53 |
[918/1010] 	| 99.88 | 100.00 | 58.73 | 85.02 |
[919/1010] 	| 99.84 | 100.00 | 56.85 | 84.82 |
[920/1010] 	| 99.89 | 100.00 | 59.13 | 83.13 |
[921/1010] 	| 99.78 | 100.00 | 60.02 | 84.92 |
[922/1010] 	| 99.93 | 100.00 | 59.82 | 84.62 |
[923/1010] 	| 99.81 | 100.00 | 59.62 | 85.02 |
[924/1010] 	| 99.89 | 99.99 | 58.73 | 84.23 |
[925/1010] 	| 99.80 | 99.99 | 58.23 | 85.42 |
[926/1010] 	| 99.80 | 100.00 | 58.33 | 84.33 |
[927/1010] 	| 99.88 | 99.98 | 59.33 | 85.32 |
[928/1010] 	| 99.87 | 100.00 | 60.02 | 85.02 |
[929/1010] 	| 99.89 | 100.00 | 58.13 | 85.71 |
[930/1010] 	| 99.94 | 100.00 | 57.74 | 84.52 |
[931/1010] 	| 99.88 | 99.99 | 59.42 | 84.03 |
[932/1010] 	| 99.90 | 99.99 | 59.62 | 83.53 |
[933/1010] 	| 99.92 | 99.99 | 58.73 | 85.22 |
[934/1010] 	| 99.81 | 99.99 | 59.52 | 84.92 |
[935/1010] 	| 99.84 | 99.99 | 57.14 | 83.83 |
[936/1010] 	| 99.88 | 100.00 | 59.92 | 83.33 |
[937/1010] 	| 99.90 | 100.00 | 59.52 | 84.42 |
[938/1010] 	| 99.88 | 100.00 | 59.62 | 85.62 |
[939/1010] 	| 99.86 | 99.99 | 58.73 | 83.83 |
[940/1010] 	| 99.89 | 100.00 | 59.13 | 83.83 |
[941/1010] 	| 99.90 | 100.00 | 58.53 | 84.62 |
[942/1010] 	| 99.94 | 100.00 | 61.41 | 86.01 |
[943/1010] 	| 99.91 | 100.00 | 59.42 | 85.91 |
[944/1010] 	| 99.88 | 100.00 | 58.93 | 85.32 |
[945/1010] 	| 99.88 | 100.00 | 57.94 | 85.02 |
[946/1010] 	| 99.89 | 100.00 | 59.52 | 84.82 |
[947/1010] 	| 99.90 | 100.00 | 58.63 | 84.33 |
[948/1010] 	| 99.90 | 100.00 | 57.84 | 83.23 |
[949/1010] 	| 99.90 | 100.00 | 57.84 | 83.73 |
[950/1010] 	| 99.89 | 100.00 | 59.13 | 84.62 |
[951/1010] 	| 99.90 | 100.00 | 59.62 | 83.83 |
[952/1010] 	| 99.84 | 100.00 | 58.83 | 85.52 |
[953/1010] 	| 99.82 | 99.99 | 59.23 | 85.52 |
[954/1010] 	| 99.92 | 100.00 | 59.23 | 83.93 |
[955/1010] 	| 99.94 | 100.00 | 59.42 | 84.23 |
[956/1010] 	| 99.96 | 100.00 | 59.72 | 84.82 |
[957/1010] 	| 99.91 | 100.00 | 59.23 | 85.12 |
[958/1010] 	| 99.93 | 99.99 | 59.03 | 84.82 |
[959/1010] 	| 99.96 | 100.00 | 59.23 | 83.93 |
[960/1010] 	| 99.93 | 100.00 | 57.94 | 85.81 |
[961/1010] 	| 99.94 | 100.00 | 58.63 | 85.02 |
[962/1010] 	| 99.89 | 99.99 | 58.93 | 84.72 |
[963/1010] 	| 99.90 | 99.99 | 59.52 | 85.42 |
[964/1010] 	| 99.93 | 100.00 | 59.72 | 84.72 |
[965/1010] 	| 99.91 | 99.99 | 59.72 | 83.43 |
[966/1010] 	| 99.97 | 100.00 | 59.72 | 83.53 |
[967/1010] 	| 99.93 | 100.00 | 58.63 | 84.03 |
[968/1010] 	| 99.96 | 100.00 | 59.03 | 84.62 |
[969/1010] 	| 99.91 | 100.00 | 59.23 | 83.63 |
[970/1010] 	| 99.91 | 100.00 | 58.83 | 84.33 |
[971/1010] 	| 99.93 | 100.00 | 59.62 | 84.72 |
[972/1010] 	| 99.91 | 100.00 | 59.23 | 84.23 |
[973/1010] 	| 99.89 | 100.00 | 58.43 | 84.42 |
[974/1010] 	| 99.93 | 100.00 | 58.13 | 84.82 |
[975/1010] 	| 99.91 | 100.00 | 59.42 | 85.22 |
[976/1010] 	| 99.96 | 100.00 | 59.72 | 84.23 |
[977/1010] 	| 99.94 | 100.00 | 59.33 | 84.92 |
[978/1010] 	| 99.90 | 100.00 | 60.32 | 84.42 |
[979/1010] 	| 99.94 | 100.00 | 59.62 | 85.91 |
[980/1010] 	| 99.92 | 100.00 | 60.91 | 84.82 |
[981/1010] 	| 99.94 | 100.00 | 59.72 | 83.63 |
[982/1010] 	| 99.90 | 100.00 | 59.62 | 85.02 |
[983/1010] 	| 99.93 | 99.99 | 58.33 | 85.81 |
[984/1010] 	| 99.91 | 100.00 | 59.82 | 85.42 |
[985/1010] 	| 99.91 | 100.00 | 61.11 | 84.42 |
[986/1010] 	| 99.99 | 100.00 | 59.82 | 84.23 |
[987/1010] 	| 99.96 | 100.00 | 57.64 | 83.13 |
[988/1010] 	| 99.97 | 100.00 | 60.32 | 84.62 |
[989/1010] 	| 99.97 | 100.00 | 61.71 | 86.11 |
[990/1010] 	| 99.91 | 100.00 | 60.02 | 84.13 |
[991/1010] 	| 99.92 | 99.99 | 59.82 | 85.32 |
[992/1010] 	| 99.98 | 100.00 | 60.32 | 84.13 |
[993/1010] 	| 99.94 | 100.00 | 60.02 | 84.72 |
[994/1010] 	| 99.93 | 100.00 | 57.94 | 84.33 |
[995/1010] 	| 99.91 | 100.00 | 60.02 | 84.33 |
[996/1010] 	| 99.92 | 100.00 | 62.00 | 85.32 |
[997/1010] 	| 99.97 | 100.00 | 59.72 | 85.62 |
[998/1010] 	| 99.94 | 100.00 | 58.73 | 83.13 |
[999/1010] 	| 99.92 | 100.00 | 59.92 | 84.82 |
[1000/1010] 	| 99.94 | 100.00 | 60.81 | 84.62 |
[1001/1010] 	| 99.98 | 100.00 | 59.13 | 84.82 |
[1002/1010] 	| 99.93 | 100.00 | 60.91 | 84.82 |
[1003/1010] 	| 99.91 | 100.00 | 59.92 | 85.32 |
[1004/1010] 	| 99.94 | 100.00 | 59.03 | 84.92 |
[1005/1010] 	| 99.97 | 100.00 | 57.74 | 85.42 |
[1006/1010] 	| 99.97 | 100.00 | 60.81 | 85.62 |
[1007/1010] 	| 99.92 | 100.00 | 60.81 | 85.81 |
[1008/1010] 	| 99.99 | 100.00 | 59.52 | 85.12 |
[1009/1010] 	| 99.90 | 100.00 | 58.53 | 83.83 |
[1010/1010] 	| 99.97 | 100.00 | 60.22 | 83.73 |
