Parameters: 21,070,378
         	|     Train     |      Test     |
         	| Top-1 | Top-3 | Top-1 | Top-3 |
[1/1010] 	| 13.04 | 38.39 | 13.10 | 41.07 |
[2/1010] 	| 15.76 | 43.35 | 20.14 | 48.71 |
[3/1010] 	| 20.34 | 51.18 | 25.69 | 57.14 |
[4/1010] 	| 23.64 | 57.14 | 27.28 | 61.31 |
[5/1010] 	| 26.96 | 60.18 | 27.98 | 63.39 |
[6/1010] 	| 28.29 | 61.45 | 29.86 | 65.28 |
[7/1010] 	| 28.64 | 63.17 | 29.46 | 62.90 |
[8/1010] 	| 28.58 | 62.94 | 30.95 | 65.18 |
[9/1010] 	| 30.16 | 63.75 | 33.23 | 66.57 |
[10/1010] 	| 30.78 | 65.07 | 29.86 | 63.69 |
[11/1010] 	| 31.43 | 65.39 | 33.83 | 68.06 |
[12/1010] 	| 31.93 | 66.93 | 35.91 | 67.96 |
[13/1010] 	| 32.53 | 67.74 | 33.73 | 68.45 |
[14/1010] 	| 33.03 | 67.60 | 31.75 | 64.88 |
[15/1010] 	| 33.06 | 68.12 | 33.33 | 70.34 |
[16/1010] 	| 34.52 | 68.47 | 34.52 | 70.14 |
[17/1010] 	| 35.78 | 69.43 | 37.00 | 69.94 |
[18/1010] 	| 35.97 | 69.18 | 36.41 | 67.46 |
[19/1010] 	| 35.94 | 69.73 | 37.30 | 70.63 |
[20/1010] 	| 37.59 | 70.85 | 34.23 | 68.95 |
[21/1010] 	| 36.80 | 71.04 | 37.40 | 72.32 |
[22/1010] 	| 37.96 | 72.12 | 37.40 | 70.34 |
[23/1010] 	| 37.69 | 71.74 | 38.69 | 72.72 |
[24/1010] 	| 37.83 | 72.13 | 38.99 | 72.82 |
[25/1010] 	| 37.49 | 72.13 | 38.59 | 70.63 |
[26/1010] 	| 39.28 | 73.10 | 37.90 | 69.15 |
[27/1010] 	| 38.55 | 72.46 | 40.67 | 71.63 |
[28/1010] 	| 40.32 | 74.08 | 36.61 | 72.22 |
[29/1010] 	| 36.22 | 70.54 | 38.00 | 72.02 |
[30/1010] 	| 38.93 | 73.30 | 37.30 | 72.42 |
[31/1010] 	| 40.69 | 73.53 | 39.29 | 74.01 |
[32/1010] 	| 41.01 | 74.70 | 38.00 | 71.33 |
[33/1010] 	| 41.26 | 74.77 | 38.00 | 71.13 |
[34/1010] 	| 42.06 | 74.82 | 42.56 | 75.30 |
[35/1010] 	| 42.17 | 75.92 | 40.28 | 75.20 |
[36/1010] 	| 42.90 | 75.85 | 39.88 | 74.50 |
[37/1010] 	| 43.08 | 75.48 | 40.87 | 72.82 |
[38/1010] 	| 43.12 | 75.48 | 39.09 | 70.44 |
[39/1010] 	| 41.00 | 74.28 | 36.01 | 70.54 |
[40/1010] 	| 40.86 | 73.64 | 39.88 | 72.92 |
[41/1010] 	| 41.80 | 75.10 | 38.69 | 73.21 |
[42/1010] 	| 42.67 | 75.70 | 39.58 | 74.21 |
[43/1010] 	| 43.68 | 76.46 | 41.17 | 76.39 |
[44/1010] 	| 34.52 | 68.02 | 34.62 | 67.26 |
[45/1010] 	| 38.07 | 72.29 | 41.17 | 71.53 |
[46/1010] 	| 42.20 | 74.30 | 40.48 | 74.11 |
[47/1010] 	| 41.57 | 74.62 | 40.48 | 71.73 |
[48/1010] 	| 29.07 | 61.33 | 31.35 | 62.90 |
[49/1010] 	| 32.17 | 66.04 | 37.30 | 69.35 |
[50/1010] 	| 35.93 | 69.81 | 39.09 | 69.44 |
[51/1010] 	| 37.77 | 71.45 | 41.07 | 70.14 |
[52/1010] 	| 40.14 | 72.93 | 39.68 | 72.62 |
[53/1010] 	| 41.21 | 74.34 | 41.37 | 73.31 |
[54/1010] 	| 41.24 | 74.03 | 40.38 | 72.92 |
[55/1010] 	| 40.40 | 73.90 | 40.28 | 69.74 |
[56/1010] 	| 41.54 | 74.49 | 43.75 | 74.90 |
[57/1010] 	| 42.57 | 75.48 | 41.37 | 72.42 |
[58/1010] 	| 43.44 | 75.96 | 42.86 | 75.99 |
[59/1010] 	| 42.39 | 75.82 | 41.57 | 73.81 |
[60/1010] 	| 43.05 | 76.46 | 42.56 | 73.91 |
[61/1010] 	| 42.53 | 75.79 | 40.18 | 75.40 |
[62/1010] 	| 43.82 | 76.11 | 40.77 | 72.12 |
[63/1010] 	| 41.88 | 75.08 | 43.06 | 75.00 |
[64/1010] 	| 43.23 | 76.28 | 43.75 | 75.30 |
[65/1010] 	| 44.66 | 78.05 | 41.27 | 73.91 |
[66/1010] 	| 43.86 | 77.34 | 43.75 | 75.10 |
[67/1010] 	| 44.27 | 77.46 | 43.75 | 75.89 |
[68/1010] 	| 45.26 | 77.14 | 43.06 | 75.00 |
[69/1010] 	| 45.08 | 76.98 | 43.15 | 75.89 |
[70/1010] 	| 44.65 | 77.48 | 41.67 | 75.00 |
[71/1010] 	| 45.77 | 77.88 | 44.15 | 75.40 |
[72/1010] 	| 45.04 | 77.31 | 41.27 | 74.11 |
[73/1010] 	| 45.14 | 78.10 | 44.05 | 78.57 |
[74/1010] 	| 45.54 | 78.24 | 45.83 | 77.38 |
[75/1010] 	| 45.90 | 78.33 | 41.17 | 74.50 |
[76/1010] 	| 45.91 | 78.41 | 43.95 | 75.10 |
[77/1010] 	| 45.83 | 77.65 | 43.15 | 74.50 |
[78/1010] 	| 45.22 | 77.77 | 44.15 | 75.20 |
[79/1010] 	| 45.79 | 78.27 | 40.38 | 74.01 |
[80/1010] 	| 38.86 | 72.59 | 37.00 | 70.73 |
[81/1010] 	| 39.25 | 72.21 | 41.37 | 73.91 |
[82/1010] 	| 42.38 | 75.31 | 45.04 | 74.11 |
[83/1010] 	| 43.77 | 76.49 | 43.95 | 77.18 |
[84/1010] 	| 43.51 | 75.99 | 40.87 | 72.32 |
[85/1010] 	| 45.45 | 77.28 | 44.05 | 76.29 |
[86/1010] 	| 45.65 | 77.32 | 43.15 | 75.10 |
[87/1010] 	| 47.06 | 78.63 | 44.25 | 76.98 |
[88/1010] 	| 46.13 | 77.75 | 43.25 | 72.42 |
[89/1010] 	| 39.45 | 71.41 | 39.38 | 71.03 |
[90/1010] 	| 40.62 | 72.71 | 42.46 | 74.90 |
[91/1010] 	| 42.75 | 75.77 | 42.96 | 75.00 |
[92/1010] 	| 43.75 | 76.96 | 43.85 | 75.40 |
[93/1010] 	| 45.84 | 77.77 | 44.44 | 75.30 |
[94/1010] 	| 46.93 | 78.68 | 43.55 | 76.79 |
[95/1010] 	| 47.38 | 79.66 | 43.95 | 76.29 |
[96/1010] 	| 47.94 | 80.29 | 46.33 | 76.88 |
[97/1010] 	| 48.71 | 80.17 | 45.24 | 76.09 |
[98/1010] 	| 48.48 | 79.37 | 46.23 | 77.68 |
[99/1010] 	| 49.68 | 80.66 | 48.12 | 77.78 |
[100/1010] 	| 51.08 | 81.72 | 50.50 | 80.75 |
[101/1010] 	| 51.55 | 81.62 | 50.10 | 79.46 |
[102/1010] 	| 52.35 | 82.15 | 46.73 | 79.37 |
[103/1010] 	| 53.15 | 82.36 | 48.51 | 78.47 |
[104/1010] 	| 53.24 | 83.20 | 50.20 | 81.35 |
[105/1010] 	| 54.43 | 83.93 | 52.88 | 80.56 |
[106/1010] 	| 55.74 | 84.43 | 49.50 | 79.66 |
[107/1010] 	| 56.07 | 84.25 | 52.98 | 81.35 |
[108/1010] 	| 57.12 | 85.44 | 53.47 | 81.35 |
[109/1010] 	| 58.01 | 85.81 | 53.17 | 82.44 |
[110/1010] 	| 58.80 | 86.73 | 53.87 | 82.14 |
[111/1010] 	| 59.78 | 86.92 | 54.96 | 82.74 |
[112/1010] 	| 60.22 | 87.47 | 54.07 | 83.43 |
[113/1010] 	| 61.78 | 88.21 | 54.37 | 82.34 |
[114/1010] 	| 62.94 | 88.36 | 55.46 | 82.54 |
[115/1010] 	| 63.39 | 88.88 | 57.14 | 84.42 |
[116/1010] 	| 63.51 | 88.52 | 55.46 | 82.84 |
[117/1010] 	| 64.42 | 89.30 | 56.15 | 83.73 |
[118/1010] 	| 65.60 | 89.95 | 55.26 | 82.64 |
[119/1010] 	| 65.52 | 89.85 | 58.13 | 86.11 |
[120/1010] 	| 66.66 | 90.89 | 57.34 | 84.62 |
[121/1010] 	| 67.79 | 90.83 | 58.93 | 85.42 |
[122/1010] 	| 69.12 | 92.05 | 58.43 | 85.02 |
[123/1010] 	| 69.43 | 91.66 | 56.94 | 85.02 |
[124/1010] 	| 69.52 | 92.17 | 55.95 | 84.03 |
[125/1010] 	| 71.34 | 92.77 | 57.54 | 83.73 |
[126/1010] 	| 71.69 | 92.98 | 57.14 | 85.22 |
[127/1010] 	| 72.39 | 93.10 | 55.95 | 85.52 |
[128/1010] 	| 72.38 | 93.10 | 57.94 | 85.91 |
[129/1010] 	| 73.22 | 93.71 | 55.65 | 85.91 |
[130/1010] 	| 74.27 | 94.06 | 57.24 | 85.42 |
[131/1010] 	| 75.30 | 94.27 | 57.04 | 86.31 |
[132/1010] 	| 75.38 | 94.45 | 58.93 | 86.31 |
[133/1010] 	| 76.20 | 94.88 | 58.43 | 85.91 |
[134/1010] 	| 75.47 | 94.28 | 61.01 | 86.81 |
[135/1010] 	| 76.96 | 95.21 | 60.32 | 84.13 |
[136/1010] 	| 78.37 | 95.93 | 56.85 | 85.91 |
[137/1010] 	| 77.76 | 95.13 | 55.95 | 82.94 |
[138/1010] 	| 78.34 | 95.54 | 56.55 | 83.93 |
[139/1010] 	| 79.26 | 95.95 | 56.45 | 86.11 |
[140/1010] 	| 79.39 | 95.97 | 58.13 | 84.72 |
[141/1010] 	| 79.89 | 96.14 | 60.12 | 85.52 |
[142/1010] 	| 79.72 | 96.39 | 57.14 | 84.23 |
[143/1010] 	| 80.57 | 96.30 | 58.93 | 85.32 |
[144/1010] 	| 80.55 | 96.46 | 59.72 | 86.61 |
[145/1010] 	| 81.51 | 96.16 | 58.73 | 86.61 |
[146/1010] 	| 80.98 | 96.65 | 58.63 | 85.71 |
[147/1010] 	| 82.33 | 97.15 | 58.13 | 85.52 |
[148/1010] 	| 81.74 | 96.42 | 57.54 | 84.82 |
[149/1010] 	| 81.75 | 96.26 | 57.54 | 85.81 |
[150/1010] 	| 81.85 | 96.41 | 58.04 | 85.91 |
[151/1010] 	| 83.27 | 97.12 | 59.72 | 84.92 |
[152/1010] 	| 82.76 | 96.69 | 59.13 | 85.32 |
[153/1010] 	| 82.68 | 96.92 | 59.42 | 87.10 |
[154/1010] 	| 83.37 | 97.04 | 59.23 | 85.52 |
[155/1010] 	| 83.07 | 96.89 | 58.73 | 86.01 |
[156/1010] 	| 83.59 | 96.76 | 58.04 | 83.53 |
[157/1010] 	| 83.64 | 97.22 | 58.63 | 87.10 |
[158/1010] 	| 83.83 | 97.36 | 58.93 | 85.81 |
[159/1010] 	| 83.79 | 96.85 | 60.42 | 87.10 |
[160/1010] 	| 84.90 | 97.26 | 58.23 | 85.62 |
[161/1010] 	| 84.53 | 97.28 | 58.04 | 85.52 |
[162/1010] 	| 84.03 | 96.95 | 58.04 | 84.92 |
[163/1010] 	| 83.96 | 97.03 | 58.53 | 86.01 |
[164/1010] 	| 85.33 | 97.40 | 58.33 | 84.92 |
[165/1010] 	| 84.73 | 97.11 | 57.94 | 84.62 |
[166/1010] 	| 85.32 | 97.13 | 60.22 | 87.00 |
[167/1010] 	| 85.13 | 97.31 | 58.13 | 84.33 |
[168/1010] 	| 85.36 | 97.35 | 60.91 | 86.51 |
[169/1010] 	| 84.52 | 97.28 | 60.71 | 84.33 |
[170/1010] 	| 86.17 | 97.50 | 58.53 | 84.23 |
[171/1010] 	| 85.48 | 97.43 | 58.83 | 85.52 |
[172/1010] 	| 85.95 | 97.53 | 58.33 | 85.12 |
[173/1010] 	| 86.31 | 97.74 | 57.84 | 85.42 |
[174/1010] 	| 85.55 | 97.29 | 57.94 | 84.13 |
[175/1010] 	| 85.72 | 97.45 | 58.23 | 82.74 |
[176/1010] 	| 86.89 | 97.89 | 57.94 | 84.42 |
[177/1010] 	| 86.37 | 97.64 | 59.03 | 83.83 |
[178/1010] 	| 86.84 | 97.98 | 57.64 | 84.92 |
[179/1010] 	| 86.80 | 97.73 | 58.23 | 85.52 |
[180/1010] 	| 86.63 | 97.70 | 58.93 | 85.12 |
[181/1010] 	| 87.13 | 97.75 | 60.32 | 83.13 |
[182/1010] 	| 86.05 | 97.89 | 57.84 | 85.91 |
[183/1010] 	| 86.88 | 97.71 | 59.33 | 85.91 |
[184/1010] 	| 86.89 | 97.45 | 59.72 | 85.12 |
[185/1010] 	| 86.82 | 97.59 | 56.55 | 85.12 |
[186/1010] 	| 87.11 | 97.98 | 59.52 | 84.82 |
[187/1010] 	| 87.50 | 97.94 | 58.63 | 85.32 |
[188/1010] 	| 87.82 | 97.91 | 59.82 | 85.42 |
[189/1010] 	| 87.34 | 97.59 | 58.63 | 84.72 |
[190/1010] 	| 87.57 | 97.65 | 58.73 | 84.82 |
[191/1010] 	| 87.90 | 98.02 | 61.31 | 84.82 |
[192/1010] 	| 86.99 | 97.82 | 58.33 | 85.52 |
[193/1010] 	| 88.38 | 98.04 | 60.12 | 86.71 |
[194/1010] 	| 87.19 | 97.93 | 58.93 | 86.31 |
[195/1010] 	| 88.31 | 97.90 | 59.92 | 85.62 |
[196/1010] 	| 88.49 | 98.12 | 60.22 | 85.22 |
[197/1010] 	| 88.03 | 97.99 | 58.93 | 85.32 |
[198/1010] 	| 87.78 | 98.11 | 58.33 | 87.50 |
[199/1010] 	| 88.26 | 98.02 | 60.62 | 85.52 |
[200/1010] 	| 88.12 | 97.88 | 58.53 | 84.62 |
[201/1010] 	| 88.30 | 98.15 | 59.92 | 85.12 |
[202/1010] 	| 88.07 | 98.01 | 58.63 | 86.61 |
[203/1010] 	| 88.55 | 98.13 | 58.93 | 83.23 |
[204/1010] 	| 88.25 | 97.83 | 59.42 | 85.32 |
[205/1010] 	| 87.68 | 98.08 | 59.52 | 85.62 |
[206/1010] 	| 89.08 | 97.98 | 61.01 | 85.12 |
[207/1010] 	| 88.40 | 97.91 | 60.02 | 86.21 |
[208/1010] 	| 89.10 | 98.06 | 59.82 | 84.52 |
[209/1010] 	| 88.57 | 98.24 | 59.23 | 84.52 |
[210/1010] 	| 88.69 | 98.02 | 59.23 | 85.42 |
[211/1010] 	| 88.02 | 97.95 | 60.32 | 87.30 |
[212/1010] 	| 88.88 | 98.27 | 62.10 | 85.91 |
[213/1010] 	| 88.62 | 98.09 | 62.80 | 86.21 |
[214/1010] 	| 89.98 | 98.30 | 59.42 | 86.31 |
[215/1010] 	| 88.76 | 97.94 | 58.33 | 85.71 |
[216/1010] 	| 88.04 | 97.86 | 59.42 | 85.22 |
[217/1010] 	| 88.90 | 98.11 | 59.33 | 85.42 |
[218/1010] 	| 89.49 | 98.11 | 61.11 | 86.31 |
[219/1010] 	| 89.02 | 98.13 | 59.52 | 86.21 |
[220/1010] 	| 89.29 | 98.19 | 59.13 | 86.61 |
[221/1010] 	| 89.40 | 98.30 | 58.23 | 85.42 |
[222/1010] 	| 89.00 | 97.92 | 60.81 | 86.81 |
[223/1010] 	| 89.59 | 98.25 | 60.52 | 87.30 |
[224/1010] 	| 89.57 | 98.35 | 59.03 | 87.40 |
[225/1010] 	| 89.80 | 98.18 | 60.32 | 86.51 |
[226/1010] 	| 89.15 | 98.04 | 60.12 | 85.71 |
[227/1010] 	| 90.32 | 98.44 | 60.12 | 86.51 |
[228/1010] 	| 89.32 | 98.18 | 59.82 | 86.31 |
[229/1010] 	| 89.52 | 98.34 | 63.00 | 85.52 |
[230/1010] 	| 89.84 | 98.27 | 60.52 | 86.71 |
[231/1010] 	| 89.81 | 98.30 | 58.93 | 86.31 |
[232/1010] 	| 89.50 | 98.27 | 61.11 | 84.52 |
[233/1010] 	| 89.82 | 98.37 | 62.50 | 86.90 |
[234/1010] 	| 89.39 | 98.31 | 61.21 | 85.71 |
[235/1010] 	| 89.71 | 98.23 | 60.62 | 87.10 |
[236/1010] 	| 90.01 | 98.49 | 59.23 | 87.20 |
[237/1010] 	| 90.00 | 98.17 | 61.01 | 85.71 |
[238/1010] 	| 89.45 | 98.23 | 61.81 | 86.41 |
[239/1010] 	| 90.16 | 98.33 | 60.91 | 85.81 |
[240/1010] 	| 89.55 | 98.30 | 61.41 | 86.11 |
[241/1010] 	| 89.81 | 98.37 | 62.30 | 87.50 |
[242/1010] 	| 90.26 | 98.24 | 61.81 | 85.81 |
[243/1010] 	| 89.62 | 98.20 | 60.52 | 85.71 |
[244/1010] 	| 90.51 | 98.53 | 62.60 | 86.51 |
[245/1010] 	| 90.15 | 98.41 | 61.21 | 84.62 |
[246/1010] 	| 90.55 | 98.50 | 59.72 | 85.22 |
[247/1010] 	| 89.97 | 98.40 | 58.93 | 85.81 |
[248/1010] 	| 90.81 | 98.51 | 61.01 | 85.12 |
[249/1010] 	| 90.55 | 98.74 | 60.32 | 86.41 |
[250/1010] 	| 89.79 | 98.48 | 60.62 | 86.81 |
[251/1010] 	| 91.13 | 98.33 | 60.42 | 86.21 |
[252/1010] 	| 90.44 | 98.55 | 61.41 | 85.71 |
[253/1010] 	| 89.68 | 98.31 | 60.71 | 86.11 |
[254/1010] 	| 90.07 | 98.30 | 60.42 | 86.21 |
[255/1010] 	| 90.16 | 98.49 | 60.62 | 86.11 |
[256/1010] 	| 90.88 | 98.35 | 61.51 | 85.42 |
[257/1010] 	| 90.02 | 98.37 | 61.01 | 88.00 |
[258/1010] 	| 90.27 | 98.22 | 60.32 | 85.42 |
[259/1010] 	| 90.76 | 98.54 | 60.32 | 86.61 |
[260/1010] 	| 90.10 | 98.41 | 58.63 | 85.12 |
[261/1010] 	| 90.18 | 98.39 | 61.01 | 86.41 |
[262/1010] 	| 91.14 | 98.62 | 60.42 | 85.42 |
[263/1010] 	| 91.39 | 98.32 | 60.91 | 86.21 |
[264/1010] 	| 90.58 | 98.28 | 60.62 | 86.81 |
[265/1010] 	| 90.32 | 98.50 | 61.01 | 86.51 |
[266/1010] 	| 90.69 | 98.58 | 60.52 | 85.91 |
[267/1010] 	| 90.58 | 98.27 | 61.21 | 85.42 |
[268/1010] 	| 90.78 | 98.67 | 57.74 | 84.03 |
[269/1010] 	| 90.89 | 98.60 | 59.33 | 84.92 |
[270/1010] 	| 90.21 | 98.52 | 60.91 | 86.21 |
[271/1010] 	| 90.91 | 98.45 | 62.00 | 84.72 |
[272/1010] 	| 91.46 | 98.80 | 62.40 | 88.00 |
[273/1010] 	| 91.44 | 98.48 | 60.12 | 85.81 |
[274/1010] 	| 91.77 | 98.55 | 59.72 | 85.12 |
[275/1010] 	| 91.13 | 98.54 | 58.63 | 84.42 |
[276/1010] 	| 90.59 | 98.68 | 59.62 | 85.22 |
[277/1010] 	| 91.66 | 98.67 | 62.90 | 86.31 |
[278/1010] 	| 91.21 | 98.47 | 63.00 | 86.11 |
[279/1010] 	| 91.94 | 98.71 | 60.81 | 87.10 |
[280/1010] 	| 91.40 | 98.63 | 60.81 | 85.71 |
[281/1010] 	| 91.04 | 98.71 | 60.42 | 85.32 |
[282/1010] 	| 91.63 | 98.62 | 60.52 | 86.71 |
[283/1010] 	| 91.10 | 98.64 | 63.89 | 86.01 |
[284/1010] 	| 91.23 | 98.51 | 61.71 | 86.31 |
[285/1010] 	| 91.20 | 98.52 | 61.21 | 85.71 |
[286/1010] 	| 91.47 | 98.78 | 61.41 | 88.10 |
[287/1010] 	| 91.33 | 98.63 | 61.90 | 87.30 |
[288/1010] 	| 91.10 | 98.62 | 60.42 | 86.90 |
[289/1010] 	| 91.45 | 98.80 | 60.81 | 86.71 |
[290/1010] 	| 92.12 | 98.64 | 61.71 | 87.70 |
[291/1010] 	| 91.93 | 98.73 | 55.36 | 85.12 |
[292/1010] 	| 91.43 | 98.78 | 61.01 | 85.71 |
[293/1010] 	| 91.08 | 98.53 | 62.30 | 85.71 |
[294/1010] 	| 91.23 | 98.61 | 62.00 | 84.33 |
[295/1010] 	| 91.77 | 98.70 | 62.20 | 87.20 |
[296/1010] 	| 91.23 | 98.84 | 60.71 | 86.11 |
[297/1010] 	| 92.42 | 98.84 | 61.41 | 85.71 |
[298/1010] 	| 91.40 | 98.72 | 62.20 | 85.22 |
[299/1010] 	| 91.79 | 98.75 | 62.90 | 85.52 |
[300/1010] 	| 92.66 | 98.90 | 60.62 | 86.31 |
[301/1010] 	| 91.68 | 98.63 | 60.52 | 86.41 |
[302/1010] 	| 91.84 | 98.77 | 60.62 | 85.71 |
[303/1010] 	| 91.73 | 98.89 | 60.02 | 85.52 |
[304/1010] 	| 92.08 | 98.90 | 61.21 | 85.62 |
[305/1010] 	| 91.18 | 98.60 | 59.52 | 84.82 |
[306/1010] 	| 92.27 | 98.87 | 58.13 | 84.62 |
[307/1010] 	| 91.68 | 98.65 | 60.12 | 84.72 |
[308/1010] 	| 92.95 | 98.93 | 61.31 | 87.00 |
[309/1010] 	| 92.42 | 98.79 | 62.60 | 87.60 |
[310/1010] 	| 91.11 | 98.61 | 60.32 | 86.11 |
[311/1010] 	| 92.23 | 98.63 | 63.00 | 87.60 |
[312/1010] 	| 92.23 | 98.74 | 59.72 | 86.81 |
[313/1010] 	| 92.45 | 98.87 | 62.00 | 86.61 |
[314/1010] 	| 91.65 | 98.81 | 61.31 | 87.50 |
[315/1010] 	| 91.88 | 98.84 | 59.72 | 86.51 |
[316/1010] 	| 92.54 | 98.85 | 60.32 | 87.40 |
[317/1010] 	| 92.36 | 98.77 | 61.71 | 85.91 |
[318/1010] 	| 92.42 | 98.82 | 63.00 | 87.40 |
[319/1010] 	| 92.46 | 98.74 | 62.30 | 87.10 |
[320/1010] 	| 92.42 | 98.82 | 59.72 | 83.83 |
[321/1010] 	| 92.62 | 98.61 | 62.80 | 87.10 |
[322/1010] 	| 91.74 | 98.58 | 60.42 | 87.50 |
[323/1010] 	| 92.67 | 98.82 | 60.81 | 86.61 |
[324/1010] 	| 92.34 | 98.83 | 60.52 | 85.02 |
[325/1010] 	| 92.36 | 98.72 | 61.21 | 85.71 |
[326/1010] 	| 92.28 | 98.85 | 60.81 | 86.51 |
[327/1010] 	| 92.40 | 98.81 | 60.62 | 85.62 |
[328/1010] 	| 92.24 | 98.69 | 61.90 | 85.52 |
[329/1010] 	| 92.38 | 98.97 | 63.10 | 86.01 |
[330/1010] 	| 92.22 | 99.00 | 62.20 | 86.01 |
[331/1010] 	| 91.97 | 98.70 | 61.90 | 85.91 |
[332/1010] 	| 92.88 | 98.98 | 63.79 | 86.11 |
[333/1010] 	| 92.45 | 98.71 | 62.10 | 85.91 |
[334/1010] 	| 92.80 | 98.91 | 63.29 | 87.40 |
[335/1010] 	| 92.88 | 99.13 | 63.19 | 86.11 |
[336/1010] 	| 92.52 | 98.87 | 62.10 | 85.91 |
[337/1010] 	| 93.04 | 98.89 | 63.39 | 86.90 |
[338/1010] 	| 92.48 | 98.77 | 63.10 | 86.81 |
[339/1010] 	| 92.67 | 98.93 | 64.09 | 87.90 |
[340/1010] 	| 92.52 | 98.81 | 63.19 | 86.01 |
[341/1010] 	| 92.77 | 98.92 | 62.50 | 86.21 |
[342/1010] 	| 92.49 | 98.93 | 60.81 | 86.01 |
[343/1010] 	| 92.04 | 98.81 | 63.19 | 87.20 |
[344/1010] 	| 92.63 | 98.84 | 62.20 | 85.91 |
[345/1010] 	| 93.02 | 98.98 | 61.11 | 85.91 |
[346/1010] 	| 92.56 | 98.70 | 60.91 | 87.60 |
[347/1010] 	| 93.07 | 98.98 | 62.80 | 87.60 |
[348/1010] 	| 92.95 | 99.09 | 60.62 | 86.71 |
[349/1010] 	| 92.97 | 99.02 | 61.31 | 86.31 |
[350/1010] 	| 92.78 | 98.80 | 61.61 | 86.31 |
[351/1010] 	| 92.95 | 99.09 | 61.11 | 86.31 |
[352/1010] 	| 92.47 | 98.54 | 62.10 | 86.71 |
[353/1010] 	| 93.02 | 99.03 | 61.01 | 87.70 |
[354/1010] 	| 92.99 | 98.88 | 63.10 | 85.52 |
[355/1010] 	| 93.16 | 98.79 | 61.81 | 86.41 |
[356/1010] 	| 92.24 | 99.02 | 61.90 | 86.61 |
[357/1010] 	| 93.37 | 98.99 | 60.42 | 83.93 |
[358/1010] 	| 93.31 | 99.05 | 61.41 | 85.62 |
[359/1010] 	| 93.27 | 99.15 | 63.19 | 85.32 |
[360/1010] 	| 93.14 | 99.07 | 63.39 | 86.71 |
[361/1010] 	| 93.19 | 98.99 | 62.60 | 87.20 |
[362/1010] 	| 93.43 | 98.93 | 60.62 | 86.41 |
[363/1010] 	| 93.24 | 98.98 | 62.00 | 86.11 |
[364/1010] 	| 93.00 | 99.01 | 62.50 | 86.31 |
[365/1010] 	| 93.14 | 99.02 | 62.20 | 86.31 |
[366/1010] 	| 92.66 | 98.73 | 62.40 | 86.90 |
[367/1010] 	| 92.93 | 99.03 | 62.00 | 86.51 |
[368/1010] 	| 93.12 | 98.85 | 61.90 | 85.81 |
[369/1010] 	| 93.18 | 99.09 | 63.59 | 86.21 |
[370/1010] 	| 93.09 | 99.04 | 63.99 | 87.80 |
[371/1010] 	| 93.42 | 99.24 | 61.51 | 85.32 |
[372/1010] 	| 93.49 | 98.89 | 62.40 | 86.51 |
[373/1010] 	| 93.46 | 99.07 | 61.61 | 86.71 |
[374/1010] 	| 93.61 | 98.99 | 63.00 | 86.21 |
[375/1010] 	| 93.35 | 99.03 | 61.11 | 86.90 |
[376/1010] 	| 93.28 | 98.89 | 60.91 | 85.32 |
[377/1010] 	| 92.84 | 98.94 | 61.90 | 87.00 |
[378/1010] 	| 93.42 | 99.04 | 62.20 | 85.62 |
[379/1010] 	| 93.49 | 99.17 | 62.00 | 87.20 |
[380/1010] 	| 93.34 | 99.04 | 61.61 | 86.41 |
[381/1010] 	| 93.57 | 99.01 | 58.83 | 84.72 |
[382/1010] 	| 93.59 | 99.10 | 61.01 | 86.21 |
[383/1010] 	| 93.97 | 99.05 | 62.10 | 85.22 |
[384/1010] 	| 93.19 | 98.90 | 62.30 | 86.41 |
[385/1010] 	| 93.67 | 99.07 | 60.71 | 85.32 |
[386/1010] 	| 93.14 | 98.93 | 61.71 | 85.71 |
[387/1010] 	| 93.17 | 98.90 | 62.40 | 86.51 |
