Parameters: 21,070,385
         	|     Train     |      Test     |
         	| Top-1 | Top-3 | Top-1 | Top-3 |
[1/1010] 	| 13.06 | 38.29 | 13.69 | 40.87 |
[2/1010] 	| 15.74 | 43.24 | 22.52 | 50.79 |
[3/1010] 	| 20.56 | 52.08 | 26.19 | 57.64 |
[4/1010] 	| 24.30 | 58.13 | 27.28 | 62.00 |
[5/1010] 	| 25.56 | 60.25 | 28.27 | 63.39 |
[6/1010] 	| 27.67 | 61.47 | 27.98 | 65.48 |
[7/1010] 	| 29.03 | 63.58 | 30.06 | 65.48 |
[8/1010] 	| 30.04 | 64.45 | 32.74 | 66.67 |
[9/1010] 	| 30.29 | 64.52 | 32.54 | 67.26 |
[10/1010] 	| 31.82 | 66.17 | 31.25 | 64.78 |
[11/1010] 	| 31.85 | 65.56 | 34.03 | 67.76 |
[12/1010] 	| 32.81 | 67.08 | 33.33 | 67.76 |
[13/1010] 	| 34.02 | 67.98 | 35.02 | 68.25 |
[14/1010] 	| 33.84 | 68.12 | 34.62 | 69.74 |
[15/1010] 	| 35.22 | 69.29 | 34.42 | 70.14 |
[16/1010] 	| 35.93 | 69.87 | 34.52 | 71.53 |
[17/1010] 	| 36.72 | 70.69 | 37.40 | 70.14 |
[18/1010] 	| 36.28 | 69.44 | 36.90 | 71.13 |
[19/1010] 	| 36.71 | 70.32 | 37.40 | 72.72 |
[20/1010] 	| 36.98 | 71.05 | 36.21 | 70.63 |
[21/1010] 	| 37.06 | 71.59 | 38.00 | 72.02 |
[22/1010] 	| 38.53 | 71.80 | 37.80 | 71.33 |
[23/1010] 	| 38.06 | 71.92 | 37.60 | 73.51 |
[24/1010] 	| 39.46 | 72.31 | 37.20 | 72.52 |
[25/1010] 	| 38.69 | 72.25 | 38.29 | 71.03 |
[26/1010] 	| 38.79 | 72.94 | 40.18 | 70.44 |
[27/1010] 	| 39.55 | 73.31 | 40.87 | 74.40 |
[28/1010] 	| 40.35 | 73.21 | 37.50 | 71.83 |
[29/1010] 	| 39.96 | 72.94 | 36.21 | 71.63 |
[30/1010] 	| 39.92 | 73.87 | 37.40 | 71.92 |
[31/1010] 	| 40.50 | 73.82 | 38.10 | 70.73 |
[32/1010] 	| 38.42 | 71.71 | 35.62 | 68.25 |
[33/1010] 	| 40.66 | 73.87 | 37.20 | 71.23 |
[34/1010] 	| 40.96 | 73.85 | 39.98 | 72.92 |
[35/1010] 	| 41.38 | 74.62 | 38.29 | 73.61 |
[36/1010] 	| 38.47 | 71.69 | 32.94 | 66.07 |
[37/1010] 	| 39.41 | 72.38 | 39.48 | 72.62 |
[38/1010] 	| 40.70 | 73.55 | 36.31 | 68.85 |
[39/1010] 	| 39.48 | 72.44 | 38.79 | 73.31 |
[40/1010] 	| 42.89 | 74.77 | 39.98 | 73.41 |
[41/1010] 	| 41.94 | 75.29 | 39.88 | 71.63 |
[42/1010] 	| 41.88 | 74.91 | 39.68 | 71.53 |
[43/1010] 	| 41.65 | 74.23 | 40.18 | 72.42 |
[44/1010] 	| 41.97 | 74.50 | 38.69 | 71.92 |
[45/1010] 	| 41.33 | 75.46 | 39.19 | 74.11 |
[46/1010] 	| 40.45 | 73.22 | 41.07 | 75.00 |
[47/1010] 	| 41.89 | 74.44 | 40.87 | 74.11 |
[48/1010] 	| 35.79 | 68.79 | 35.71 | 68.35 |
[49/1010] 	| 38.33 | 70.47 | 38.10 | 71.03 |
[50/1010] 	| 36.25 | 68.89 | 35.12 | 70.83 |
[51/1010] 	| 36.51 | 69.77 | 38.79 | 70.63 |
[52/1010] 	| 33.81 | 66.70 | 36.81 | 71.03 |
[53/1010] 	| 38.06 | 72.04 | 39.19 | 73.61 |
[54/1010] 	| 37.52 | 70.00 | 36.90 | 69.74 |
[55/1010] 	| 35.93 | 69.86 | 36.11 | 69.44 |
[56/1010] 	| 36.83 | 69.78 | 38.59 | 70.83 |
[57/1010] 	| 38.36 | 71.85 | 36.41 | 66.47 |
[58/1010] 	| 37.60 | 70.30 | 40.28 | 72.02 |
[59/1010] 	| 38.21 | 70.92 | 39.09 | 74.70 |
[60/1010] 	| 39.76 | 72.29 | 38.69 | 71.92 |
[61/1010] 	| 38.26 | 71.30 | 38.10 | 71.43 |
[62/1010] 	| 37.30 | 69.37 | 39.78 | 69.64 |
[63/1010] 	| 37.44 | 71.14 | 40.08 | 73.61 |
[64/1010] 	| 39.16 | 72.79 | 38.79 | 73.91 |
[65/1010] 	| 39.87 | 73.84 | 39.19 | 73.81 |
[66/1010] 	| 40.20 | 73.83 | 41.07 | 74.11 |
[67/1010] 	| 40.62 | 73.06 | 41.27 | 74.60 |
[68/1010] 	| 39.29 | 72.12 | 39.19 | 70.63 |
[69/1010] 	| 40.85 | 73.98 | 43.45 | 75.00 |
[70/1010] 	| 41.49 | 74.64 | 41.27 | 75.50 |
[71/1010] 	| 40.77 | 73.89 | 42.76 | 76.79 |
[72/1010] 	| 43.14 | 76.10 | 44.64 | 75.69 |
[73/1010] 	| 44.15 | 77.16 | 45.44 | 78.37 |
[74/1010] 	| 45.14 | 77.08 | 45.93 | 78.87 |
[75/1010] 	| 44.77 | 77.09 | 42.96 | 75.69 |
[76/1010] 	| 45.80 | 78.28 | 44.94 | 77.48 |
[77/1010] 	| 47.01 | 78.78 | 46.92 | 78.87 |
[78/1010] 	| 47.68 | 79.06 | 47.52 | 77.28 |
[79/1010] 	| 47.63 | 78.74 | 45.34 | 76.79 |
[80/1010] 	| 48.06 | 78.87 | 47.42 | 78.27 |
[81/1010] 	| 48.43 | 79.89 | 48.02 | 78.67 |
[82/1010] 	| 49.24 | 80.30 | 49.11 | 78.27 |
[83/1010] 	| 49.37 | 80.36 | 44.94 | 75.30 |
[84/1010] 	| 46.67 | 78.75 | 47.02 | 76.59 |
[85/1010] 	| 48.55 | 79.40 | 48.81 | 79.86 |
[86/1010] 	| 50.11 | 80.69 | 51.69 | 79.27 |
[87/1010] 	| 51.06 | 80.91 | 50.89 | 79.86 |
[88/1010] 	| 51.95 | 81.84 | 50.89 | 81.35 |
[89/1010] 	| 52.12 | 81.46 | 50.89 | 81.65 |
[90/1010] 	| 52.40 | 81.83 | 48.41 | 79.96 |
[91/1010] 	| 53.31 | 83.16 | 52.98 | 81.45 |
[92/1010] 	| 54.14 | 83.54 | 51.29 | 81.05 |
[93/1010] 	| 54.59 | 83.32 | 54.07 | 81.65 |
[94/1010] 	| 55.40 | 83.51 | 54.07 | 82.84 |
[95/1010] 	| 56.83 | 85.22 | 50.60 | 79.96 |
[96/1010] 	| 56.45 | 85.18 | 55.85 | 82.94 |
[97/1010] 	| 57.32 | 85.09 | 53.47 | 83.04 |
[98/1010] 	| 57.76 | 85.48 | 55.46 | 82.14 |
[99/1010] 	| 58.04 | 85.70 | 56.65 | 83.33 |
[100/1010] 	| 58.51 | 85.80 | 54.86 | 84.42 |
[101/1010] 	| 59.40 | 86.55 | 58.33 | 83.93 |
[102/1010] 	| 60.69 | 87.44 | 55.95 | 84.82 |
[103/1010] 	| 60.58 | 87.23 | 55.95 | 84.23 |
[104/1010] 	| 61.33 | 86.94 | 56.85 | 83.23 |
[105/1010] 	| 62.22 | 88.02 | 55.36 | 84.62 |
[106/1010] 	| 62.46 | 88.45 | 56.05 | 84.62 |
[107/1010] 	| 63.09 | 88.30 | 58.73 | 84.33 |
[108/1010] 	| 63.22 | 88.60 | 60.02 | 84.52 |
[109/1010] 	| 63.83 | 88.88 | 56.15 | 86.81 |
[110/1010] 	| 63.45 | 89.16 | 58.23 | 86.41 |
[111/1010] 	| 64.65 | 89.35 | 58.53 | 85.52 |
[112/1010] 	| 65.32 | 89.88 | 61.71 | 87.70 |
[113/1010] 	| 65.46 | 89.65 | 55.26 | 85.52 |
[114/1010] 	| 65.10 | 89.49 | 60.62 | 87.50 |
[115/1010] 	| 66.16 | 89.95 | 58.23 | 86.61 |
[116/1010] 	| 66.44 | 90.04 | 61.01 | 85.22 |
[117/1010] 	| 66.23 | 90.59 | 61.41 | 86.81 |
[118/1010] 	| 68.14 | 90.79 | 60.91 | 88.39 |
[119/1010] 	| 67.24 | 90.94 | 63.00 | 90.18 |
[120/1010] 	| 67.92 | 90.97 | 61.61 | 87.90 |
[121/1010] 	| 68.83 | 91.09 | 62.80 | 88.39 |
[122/1010] 	| 69.87 | 91.85 | 62.30 | 88.39 |
[123/1010] 	| 69.34 | 92.12 | 62.10 | 87.60 |
[124/1010] 	| 70.45 | 92.23 | 61.01 | 86.90 |
[125/1010] 	| 70.73 | 92.80 | 62.20 | 88.49 |
[126/1010] 	| 71.47 | 92.72 | 62.70 | 88.89 |
[127/1010] 	| 71.56 | 92.78 | 61.41 | 88.69 |
[128/1010] 	| 72.06 | 92.96 | 64.48 | 88.99 |
[129/1010] 	| 72.30 | 93.25 | 61.90 | 88.19 |
[130/1010] 	| 73.05 | 93.75 | 63.59 | 89.88 |
[131/1010] 	| 73.79 | 93.55 | 63.69 | 87.80 |
[132/1010] 	| 74.39 | 93.78 | 63.29 | 88.69 |
[133/1010] 	| 74.71 | 94.21 | 62.60 | 88.79 |
[134/1010] 	| 74.73 | 93.92 | 64.78 | 90.18 |
[135/1010] 	| 75.87 | 94.63 | 64.19 | 89.58 |
[136/1010] 	| 76.87 | 95.04 | 63.10 | 87.80 |
[137/1010] 	| 76.55 | 95.07 | 65.67 | 89.48 |
[138/1010] 	| 77.51 | 94.78 | 63.89 | 88.39 |
[139/1010] 	| 78.94 | 95.17 | 63.69 | 90.08 |
[140/1010] 	| 79.20 | 95.50 | 64.19 | 88.69 |
[141/1010] 	| 79.05 | 95.81 | 65.87 | 89.58 |
[142/1010] 	| 79.37 | 95.71 | 63.10 | 89.48 |
[143/1010] 	| 80.24 | 96.30 | 63.39 | 88.59 |
[144/1010] 	| 80.58 | 96.17 | 66.67 | 89.78 |
[145/1010] 	| 81.38 | 96.22 | 64.58 | 89.09 |
[146/1010] 	| 81.11 | 96.79 | 67.36 | 91.17 |
[147/1010] 	| 82.41 | 96.99 | 65.67 | 89.88 |
[148/1010] 	| 82.03 | 96.75 | 66.07 | 89.19 |
[149/1010] 	| 82.46 | 96.93 | 66.07 | 89.58 |
[150/1010] 	| 83.32 | 96.73 | 64.78 | 89.78 |
[151/1010] 	| 83.60 | 97.18 | 67.56 | 89.29 |
[152/1010] 	| 83.74 | 97.05 | 67.16 | 90.97 |
[153/1010] 	| 83.42 | 97.29 | 67.16 | 89.19 |
[154/1010] 	| 84.71 | 97.50 | 66.96 | 90.48 |
[155/1010] 	| 85.13 | 97.46 | 68.35 | 90.18 |
[156/1010] 	| 84.98 | 97.40 | 67.16 | 88.99 |
[157/1010] 	| 84.83 | 97.44 | 65.08 | 89.48 |
[158/1010] 	| 85.98 | 97.78 | 66.77 | 90.67 |
[159/1010] 	| 85.72 | 97.81 | 68.25 | 90.67 |
[160/1010] 	| 86.23 | 97.99 | 66.57 | 91.07 |
[161/1010] 	| 86.21 | 97.82 | 66.96 | 88.49 |
[162/1010] 	| 86.84 | 97.69 | 66.67 | 91.37 |
[163/1010] 	| 86.53 | 97.81 | 65.58 | 91.47 |
[164/1010] 	| 86.30 | 98.10 | 65.87 | 89.58 |
[165/1010] 	| 87.07 | 97.95 | 67.86 | 88.99 |
[166/1010] 	| 87.21 | 98.04 | 70.73 | 90.28 |
[167/1010] 	| 86.83 | 97.94 | 68.45 | 91.07 |
[168/1010] 	| 87.70 | 98.19 | 68.75 | 89.19 |
[169/1010] 	| 87.89 | 98.15 | 70.14 | 89.98 |
[170/1010] 	| 88.47 | 98.17 | 65.77 | 87.90 |
[171/1010] 	| 88.16 | 98.12 | 67.36 | 89.29 |
[172/1010] 	| 87.98 | 98.29 | 66.07 | 90.77 |
[173/1010] 	| 88.37 | 98.29 | 67.76 | 89.29 |
[174/1010] 	| 88.47 | 98.13 | 65.67 | 88.10 |
[175/1010] 	| 89.17 | 98.24 | 67.56 | 89.78 |
[176/1010] 	| 88.68 | 98.21 | 67.46 | 90.48 |
[177/1010] 	| 88.49 | 98.28 | 68.35 | 89.38 |
[178/1010] 	| 89.78 | 98.52 | 63.69 | 89.68 |
[179/1010] 	| 89.29 | 98.35 | 66.67 | 89.68 |
[180/1010] 	| 88.58 | 98.08 | 69.54 | 89.98 |
[181/1010] 	| 89.32 | 98.51 | 68.15 | 89.38 |
[182/1010] 	| 89.97 | 98.65 | 69.05 | 89.58 |
[183/1010] 	| 88.81 | 98.52 | 68.55 | 90.28 |
[184/1010] 	| 89.29 | 98.20 | 64.78 | 88.99 |
[185/1010] 	| 89.99 | 98.57 | 66.87 | 90.67 |
[186/1010] 	| 89.15 | 98.37 | 67.86 | 90.18 |
[187/1010] 	| 89.47 | 98.33 | 66.87 | 89.78 |
[188/1010] 	| 90.34 | 98.55 | 68.45 | 89.98 |
[189/1010] 	| 90.83 | 98.53 | 67.56 | 90.08 |
[190/1010] 	| 90.22 | 98.79 | 66.17 | 89.29 |
[191/1010] 	| 89.70 | 98.52 | 70.04 | 90.87 |
[192/1010] 	| 90.34 | 98.74 | 69.25 | 91.37 |
[193/1010] 	| 90.57 | 98.58 | 65.77 | 89.09 |
[194/1010] 	| 90.46 | 98.70 | 67.36 | 90.48 |
[195/1010] 	| 89.97 | 98.52 | 66.96 | 89.98 |
[196/1010] 	| 90.51 | 98.82 | 68.45 | 89.48 |
[197/1010] 	| 90.70 | 98.83 | 67.86 | 90.28 |
[198/1010] 	| 89.92 | 98.32 | 66.57 | 90.08 |
[199/1010] 	| 90.85 | 98.74 | 67.76 | 90.08 |
[200/1010] 	| 90.93 | 98.81 | 67.46 | 89.68 |
[201/1010] 	| 91.47 | 98.94 | 68.25 | 91.67 |
[202/1010] 	| 91.17 | 98.91 | 70.34 | 90.97 |
[203/1010] 	| 90.87 | 98.74 | 68.06 | 89.98 |
[204/1010] 	| 90.36 | 98.63 | 66.96 | 89.88 |
[205/1010] 	| 91.30 | 98.85 | 66.87 | 90.38 |
[206/1010] 	| 91.76 | 98.81 | 65.58 | 90.28 |
[207/1010] 	| 91.03 | 98.77 | 69.74 | 90.87 |
[208/1010] 	| 90.58 | 98.79 | 68.75 | 89.88 |
[209/1010] 	| 90.68 | 98.93 | 69.25 | 90.48 |
[210/1010] 	| 90.97 | 98.85 | 66.27 | 91.27 |
[211/1010] 	| 91.37 | 98.81 | 68.25 | 91.27 |
[212/1010] 	| 91.08 | 98.69 | 69.54 | 89.48 |
[213/1010] 	| 91.27 | 98.80 | 65.77 | 88.79 |
[214/1010] 	| 91.92 | 98.89 | 69.15 | 90.58 |
[215/1010] 	| 91.94 | 98.77 | 66.37 | 89.38 |
[216/1010] 	| 91.51 | 98.87 | 67.56 | 90.67 |
[217/1010] 	| 91.65 | 98.87 | 68.65 | 90.58 |
[218/1010] 	| 92.00 | 98.93 | 69.74 | 91.27 |
[219/1010] 	| 91.63 | 98.98 | 68.45 | 89.68 |
[220/1010] 	| 91.64 | 98.87 | 70.24 | 91.96 |
[221/1010] 	| 92.70 | 99.04 | 65.97 | 89.78 |
[222/1010] 	| 91.95 | 98.87 | 70.24 | 90.48 |
[223/1010] 	| 91.94 | 98.85 | 69.05 | 90.58 |
[224/1010] 	| 92.15 | 98.85 | 69.15 | 90.08 |
[225/1010] 	| 91.97 | 98.99 | 71.03 | 89.68 |
[226/1010] 	| 92.19 | 98.79 | 68.45 | 90.97 |
[227/1010] 	| 92.67 | 99.05 | 67.96 | 89.68 |
[228/1010] 	| 91.86 | 98.88 | 67.36 | 89.09 |
[229/1010] 	| 91.53 | 98.93 | 68.65 | 89.88 |
[230/1010] 	| 92.53 | 99.02 | 68.95 | 90.38 |
[231/1010] 	| 91.57 | 98.90 | 66.37 | 89.98 |
[232/1010] 	| 92.27 | 99.09 | 69.05 | 89.88 |
[233/1010] 	| 92.48 | 98.99 | 71.83 | 90.67 |
[234/1010] 	| 91.87 | 98.97 | 69.84 | 91.07 |
[235/1010] 	| 92.39 | 98.92 | 66.96 | 89.38 |
[236/1010] 	| 92.74 | 99.08 | 69.54 | 89.98 |
[237/1010] 	| 92.53 | 98.82 | 67.86 | 90.38 |
[238/1010] 	| 92.46 | 98.98 | 69.94 | 90.28 |
[239/1010] 	| 92.58 | 99.14 | 69.25 | 89.58 |
[240/1010] 	| 91.97 | 98.93 | 68.25 | 89.29 |
[241/1010] 	| 92.82 | 99.23 | 70.44 | 90.67 |
[242/1010] 	| 92.82 | 99.14 | 69.74 | 89.88 |
[243/1010] 	| 91.79 | 98.97 | 71.53 | 90.97 |
[244/1010] 	| 92.78 | 99.03 | 67.86 | 89.78 |
[245/1010] 	| 92.59 | 99.04 | 66.96 | 90.08 |
[246/1010] 	| 93.06 | 99.25 | 68.55 | 90.38 |
[247/1010] 	| 92.98 | 99.03 | 69.44 | 90.48 |
[248/1010] 	| 92.39 | 98.85 | 70.63 | 90.67 |
[249/1010] 	| 93.42 | 99.07 | 69.54 | 91.47 |
[250/1010] 	| 93.19 | 99.22 | 68.45 | 90.87 |
[251/1010] 	| 93.13 | 99.12 | 69.74 | 89.98 |
[252/1010] 	| 92.40 | 99.10 | 70.24 | 90.97 |
[253/1010] 	| 92.06 | 98.99 | 69.35 | 90.38 |
[254/1010] 	| 92.65 | 98.81 | 66.37 | 91.07 |
[255/1010] 	| 92.98 | 99.00 | 70.54 | 90.58 |
[256/1010] 	| 93.46 | 99.13 | 71.13 | 90.97 |
[257/1010] 	| 92.78 | 99.10 | 69.54 | 90.67 |
[258/1010] 	| 92.74 | 99.15 | 67.26 | 90.28 |
[259/1010] 	| 93.03 | 99.24 | 71.13 | 91.17 |
[260/1010] 	| 93.45 | 98.99 | 69.05 | 90.08 |
[261/1010] 	| 92.62 | 99.10 | 69.44 | 90.38 |
[262/1010] 	| 93.57 | 99.33 | 68.35 | 89.38 |
[263/1010] 	| 92.97 | 99.21 | 67.96 | 89.58 |
[264/1010] 	| 93.59 | 99.05 | 69.94 | 89.68 |
[265/1010] 	| 93.23 | 99.15 | 68.55 | 90.77 |
[266/1010] 	| 93.15 | 99.03 | 69.54 | 90.08 |
[267/1010] 	| 93.04 | 99.23 | 67.26 | 90.58 |
[268/1010] 	| 93.39 | 99.12 | 67.36 | 90.87 |
[269/1010] 	| 93.23 | 99.15 | 71.92 | 91.57 |
[270/1010] 	| 93.49 | 98.97 | 68.15 | 89.38 |
[271/1010] 	| 92.67 | 98.93 | 70.44 | 90.38 |
[272/1010] 	| 93.83 | 99.19 | 67.66 | 91.27 |
[273/1010] 	| 93.26 | 99.20 | 71.03 | 90.38 |
[274/1010] 	| 93.82 | 99.23 | 70.83 | 90.58 |
[275/1010] 	| 93.14 | 99.11 | 71.13 | 90.67 |
[276/1010] 	| 93.19 | 99.12 | 68.06 | 88.79 |
[277/1010] 	| 93.71 | 99.18 | 69.74 | 91.27 |
[278/1010] 	| 93.61 | 99.22 | 70.83 | 91.27 |
[279/1010] 	| 93.53 | 99.32 | 69.25 | 89.68 |
[280/1010] 	| 93.96 | 99.32 | 67.86 | 90.28 |
[281/1010] 	| 93.74 | 99.12 | 69.05 | 90.87 |
[282/1010] 	| 93.73 | 99.19 | 69.94 | 89.98 |
[283/1010] 	| 93.69 | 99.13 | 70.24 | 90.58 |
[284/1010] 	| 93.95 | 99.20 | 68.85 | 90.77 |
[285/1010] 	| 93.72 | 99.31 | 69.74 | 91.17 |
[286/1010] 	| 93.64 | 99.12 | 71.13 | 90.87 |
[287/1010] 	| 93.77 | 99.23 | 68.65 | 89.78 |
[288/1010] 	| 93.63 | 99.20 | 68.65 | 89.68 |
[289/1010] 	| 94.05 | 99.37 | 68.85 | 90.97 |
[290/1010] 	| 94.01 | 99.41 | 67.96 | 89.09 |
[291/1010] 	| 93.95 | 99.23 | 68.85 | 90.87 |
[292/1010] 	| 93.35 | 99.23 | 70.14 | 90.67 |
[293/1010] 	| 93.95 | 99.23 | 69.64 | 90.38 |
[294/1010] 	| 93.61 | 99.00 | 69.84 | 89.88 |
[295/1010] 	| 93.64 | 99.20 | 68.95 | 88.79 |
[296/1010] 	| 93.45 | 99.29 | 67.86 | 91.17 |
[297/1010] 	| 94.47 | 99.27 | 71.33 | 91.07 |
[298/1010] 	| 94.06 | 99.30 | 67.56 | 90.87 |
[299/1010] 	| 93.98 | 99.25 | 70.14 | 91.07 |
[300/1010] 	| 94.05 | 99.18 | 70.54 | 89.68 |
[301/1010] 	| 93.34 | 99.07 | 70.14 | 90.67 |
[302/1010] 	| 93.98 | 99.15 | 69.44 | 89.88 |
[303/1010] 	| 93.99 | 99.21 | 67.56 | 88.99 |
[304/1010] 	| 94.27 | 99.30 | 70.34 | 91.27 |
[305/1010] 	| 94.35 | 99.40 | 69.94 | 91.27 |
[306/1010] 	| 93.95 | 99.28 | 70.83 | 90.97 |
[307/1010] 	| 93.48 | 99.15 | 70.34 | 90.08 |
[308/1010] 	| 94.11 | 99.34 | 70.14 | 90.97 |
[309/1010] 	| 94.51 | 99.23 | 70.73 | 90.38 |
[310/1010] 	| 94.18 | 99.25 | 70.63 | 91.17 |
[311/1010] 	| 94.17 | 99.24 | 71.53 | 90.58 |
[312/1010] 	| 93.99 | 99.23 | 69.05 | 90.18 |
[313/1010] 	| 94.05 | 99.18 | 69.84 | 89.98 |
[314/1010] 	| 93.77 | 99.31 | 70.34 | 91.57 |
[315/1010] 	| 94.55 | 99.38 | 67.36 | 90.77 |
[316/1010] 	| 94.48 | 99.28 | 69.44 | 90.77 |
[317/1010] 	| 94.42 | 99.39 | 70.14 | 90.08 |
[318/1010] 	| 94.65 | 99.40 | 69.84 | 90.67 |
[319/1010] 	| 94.21 | 99.27 | 73.02 | 92.26 |
[320/1010] 	| 94.28 | 99.29 | 70.73 | 89.58 |
[321/1010] 	| 94.08 | 99.34 | 71.43 | 90.67 |
[322/1010] 	| 94.34 | 99.28 | 70.73 | 90.67 |
[323/1010] 	| 94.25 | 99.25 | 68.85 | 91.07 |
[324/1010] 	| 94.13 | 99.22 | 69.74 | 91.37 |
[325/1010] 	| 94.74 | 99.51 | 73.02 | 91.67 |
[326/1010] 	| 94.32 | 99.28 | 71.23 | 91.07 |
[327/1010] 	| 94.34 | 99.25 | 72.02 | 91.57 |
[328/1010] 	| 94.53 | 99.28 | 69.84 | 89.29 |
[329/1010] 	| 93.88 | 99.30 | 69.15 | 90.97 |
[330/1010] 	| 95.03 | 99.43 | 70.24 | 89.98 |
[331/1010] 	| 94.44 | 99.38 | 69.25 | 90.87 |
[332/1010] 	| 94.46 | 99.23 | 71.13 | 91.87 |
[333/1010] 	| 93.95 | 99.20 | 69.84 | 91.47 |
[334/1010] 	| 94.32 | 99.25 | 69.35 | 90.97 |
[335/1010] 	| 95.06 | 99.44 | 68.65 | 91.07 |
[336/1010] 	| 94.47 | 99.43 | 69.25 | 90.58 |
[337/1010] 	| 94.78 | 99.38 | 70.63 | 91.27 |
[338/1010] 	| 94.44 | 99.37 | 70.63 | 89.78 |
[339/1010] 	| 94.83 | 99.39 | 71.33 | 91.87 |
[340/1010] 	| 94.44 | 99.28 | 68.15 | 90.08 |
[341/1010] 	| 94.44 | 99.35 | 71.43 | 89.78 |
[342/1010] 	| 94.47 | 99.25 | 69.84 | 89.98 |
[343/1010] 	| 94.77 | 99.38 | 69.74 | 91.96 |
[344/1010] 	| 94.60 | 99.22 | 70.93 | 90.87 |
[345/1010] 	| 95.05 | 99.44 | 68.95 | 90.28 |
[346/1010] 	| 94.21 | 99.18 | 69.15 | 90.97 |
[347/1010] 	| 94.87 | 99.33 | 70.73 | 91.27 |
[348/1010] 	| 94.62 | 99.40 | 71.03 | 91.57 |
[349/1010] 	| 95.28 | 99.48 | 70.83 | 91.37 |
[350/1010] 	| 95.03 | 99.35 | 69.84 | 90.38 |
[351/1010] 	| 94.63 | 99.47 | 70.63 | 90.18 |
[352/1010] 	| 94.52 | 99.27 | 71.23 | 90.48 |
[353/1010] 	| 94.46 | 99.57 | 71.03 | 92.06 |
[354/1010] 	| 94.86 | 99.32 | 71.73 | 90.77 |
[355/1010] 	| 94.50 | 99.41 | 70.44 | 90.28 |
[356/1010] 	| 94.64 | 99.38 | 71.23 | 90.28 |
[357/1010] 	| 95.08 | 99.38 | 69.54 | 88.99 |
[358/1010] 	| 94.66 | 99.52 | 69.84 | 91.17 |
[359/1010] 	| 94.83 | 99.50 | 71.33 | 91.07 |
[360/1010] 	| 95.23 | 99.40 | 68.85 | 90.87 |
[361/1010] 	| 94.81 | 99.48 | 69.94 | 89.98 |
[362/1010] 	| 95.20 | 99.46 | 69.25 | 89.98 |
[363/1010] 	| 95.48 | 99.44 | 70.54 | 91.07 |
[364/1010] 	| 95.00 | 99.43 | 69.84 | 89.58 |
[365/1010] 	| 95.20 | 99.35 | 72.22 | 91.47 |
[366/1010] 	| 94.77 | 99.27 | 69.35 | 90.87 |
[367/1010] 	| 95.11 | 99.43 | 68.95 | 91.47 |
[368/1010] 	| 94.56 | 99.22 | 72.32 | 91.27 |
[369/1010] 	| 95.43 | 99.39 | 68.55 | 89.48 |
[370/1010] 	| 94.48 | 99.35 | 70.63 | 91.37 |
[371/1010] 	| 95.21 | 99.50 | 69.15 | 89.09 |
[372/1010] 	| 94.52 | 99.40 | 70.14 | 90.48 |
[373/1010] 	| 95.62 | 99.41 | 70.83 | 89.98 |
[374/1010] 	| 95.53 | 99.50 | 71.73 | 90.58 |
[375/1010] 	| 95.79 | 99.33 | 71.83 | 90.87 |
[376/1010] 	| 94.66 | 99.31 | 73.31 | 91.67 |
[377/1010] 	| 94.68 | 99.54 | 70.54 | 90.87 |
[378/1010] 	| 95.14 | 99.23 | 71.33 | 91.17 |
[379/1010] 	| 95.43 | 99.63 | 71.43 | 90.97 |
[380/1010] 	| 95.01 | 99.43 | 72.12 | 90.08 |
[381/1010] 	| 94.90 | 99.49 | 71.33 | 90.97 |
[382/1010] 	| 95.34 | 99.52 | 69.44 | 91.07 |
[383/1010] 	| 95.40 | 99.51 | 70.24 | 90.28 |
[384/1010] 	| 95.13 | 99.47 | 71.23 | 91.57 |
[385/1010] 	| 95.28 | 99.40 | 70.34 | 90.08 |
[386/1010] 	| 94.98 | 99.52 | 69.74 | 90.97 |
[387/1010] 	| 95.51 | 99.46 | 70.34 | 92.56 |
[388/1010] 	| 95.05 | 99.33 | 67.66 | 89.98 |
[389/1010] 	| 95.72 | 99.44 | 71.83 | 90.87 |
[390/1010] 	| 95.40 | 99.38 | 69.94 | 90.67 |
[391/1010] 	| 95.55 | 99.51 | 69.15 | 90.18 |
[392/1010] 	| 95.82 | 99.50 | 69.15 | 89.88 |
[393/1010] 	| 95.43 | 99.39 | 67.96 | 91.17 |
[394/1010] 	| 95.84 | 99.53 | 70.24 | 90.18 |
[395/1010] 	| 95.46 | 99.46 | 71.13 | 91.37 |
[396/1010] 	| 95.56 | 99.40 | 71.23 | 89.98 |
[397/1010] 	| 95.10 | 99.39 | 70.44 | 90.08 |
[398/1010] 	| 95.37 | 99.51 | 70.93 | 90.58 |
[399/1010] 	| 95.97 | 99.46 | 72.32 | 91.37 |
[400/1010] 	| 95.30 | 99.44 | 70.04 | 90.38 |
[401/1010] 	| 95.75 | 99.69 | 71.23 | 90.87 |
[402/1010] 	| 95.56 | 99.50 | 72.22 | 89.88 |
[403/1010] 	| 95.54 | 99.43 | 68.85 | 90.08 |
[404/1010] 	| 95.27 | 99.46 | 70.14 | 90.38 |
[405/1010] 	| 95.51 | 99.44 | 69.54 | 91.37 |
[406/1010] 	| 95.86 | 99.49 | 69.15 | 90.97 |
[407/1010] 	| 95.81 | 99.60 | 71.33 | 89.78 |
[408/1010] 	| 95.72 | 99.30 | 71.92 | 91.96 |
[409/1010] 	| 95.60 | 99.48 | 70.54 | 90.87 |
[410/1010] 	| 96.05 | 99.54 | 69.74 | 91.17 |
[411/1010] 	| 95.20 | 99.51 | 70.73 | 91.77 |
[412/1010] 	| 95.76 | 99.60 | 70.04 | 91.47 |
[413/1010] 	| 95.60 | 99.53 | 71.73 | 91.37 |
[414/1010] 	| 95.51 | 99.34 | 69.64 | 90.18 |
[415/1010] 	| 95.79 | 99.56 | 70.24 | 91.37 |
[416/1010] 	| 95.86 | 99.66 | 70.44 | 90.87 |
[417/1010] 	| 95.87 | 99.50 | 69.35 | 89.98 |
[418/1010] 	| 95.74 | 99.46 | 71.73 | 91.57 |
[419/1010] 	| 95.95 | 99.50 | 68.06 | 91.17 |
[420/1010] 	| 95.96 | 99.51 | 72.02 | 91.17 |
[421/1010] 	| 95.43 | 99.41 | 70.93 | 91.47 |
[422/1010] 	| 95.73 | 99.51 | 70.54 | 90.97 |
[423/1010] 	| 95.56 | 99.50 | 70.73 | 91.27 |
[424/1010] 	| 95.72 | 99.49 | 70.04 | 91.47 |
[425/1010] 	| 96.04 | 99.60 | 70.24 | 90.38 |
[426/1010] 	| 95.74 | 99.44 | 70.83 | 91.17 |
[427/1010] 	| 95.89 | 99.63 | 71.03 | 91.27 |
[428/1010] 	| 95.87 | 99.50 | 70.04 | 91.57 |
[429/1010] 	| 96.14 | 99.48 | 71.23 | 91.07 |
[430/1010] 	| 95.91 | 99.64 | 71.13 | 91.17 |
[431/1010] 	| 95.75 | 99.60 | 71.03 | 91.37 |
[432/1010] 	| 96.01 | 99.61 | 72.32 | 91.77 |
[433/1010] 	| 96.09 | 99.62 | 69.25 | 91.87 |
[434/1010] 	| 96.21 | 99.54 | 70.24 | 90.38 |
[435/1010] 	| 95.85 | 99.51 | 72.02 | 91.96 |
[436/1010] 	| 96.19 | 99.61 | 69.15 | 90.28 |
[437/1010] 	| 95.57 | 99.47 | 71.92 | 91.27 |
[438/1010] 	| 96.14 | 99.66 | 69.54 | 89.48 |
[439/1010] 	| 96.32 | 99.53 | 70.54 | 92.66 |
[440/1010] 	| 95.48 | 99.62 | 70.14 | 90.38 |
[441/1010] 	| 96.26 | 99.64 | 71.53 | 91.47 |
[442/1010] 	| 95.74 | 99.61 | 68.85 | 91.07 |
[443/1010] 	| 95.77 | 99.50 | 71.53 | 91.37 |
[444/1010] 	| 96.17 | 99.58 | 71.73 | 92.16 |
[445/1010] 	| 95.74 | 99.52 | 70.24 | 91.87 |
[446/1010] 	| 96.21 | 99.52 | 72.02 | 91.87 |
[447/1010] 	| 95.90 | 99.42 | 72.12 | 90.87 |
[448/1010] 	| 96.16 | 99.60 | 71.63 | 91.47 |
[449/1010] 	| 96.32 | 99.67 | 71.53 | 90.97 |
[450/1010] 	| 96.19 | 99.57 | 71.43 | 91.57 |
[451/1010] 	| 96.14 | 99.62 | 71.23 | 91.37 |
[452/1010] 	| 96.02 | 99.57 | 69.84 | 90.77 |
[453/1010] 	| 95.99 | 99.53 | 72.22 | 91.47 |
[454/1010] 	| 96.37 | 99.53 | 72.12 | 92.56 |
[455/1010] 	| 96.03 | 99.57 | 71.73 | 92.26 |
[456/1010] 	| 96.26 | 99.51 | 71.63 | 90.48 |
[457/1010] 	| 96.67 | 99.61 | 72.22 | 90.87 |
[458/1010] 	| 96.19 | 99.62 | 71.33 | 92.06 |
[459/1010] 	| 96.07 | 99.68 | 71.63 | 91.27 |
[460/1010] 	| 96.22 | 99.62 | 69.94 | 90.87 |
[461/1010] 	| 96.54 | 99.58 | 72.22 | 92.36 |
[462/1010] 	| 96.45 | 99.61 | 70.54 | 89.09 |
[463/1010] 	| 95.72 | 99.53 | 70.54 | 92.46 |
[464/1010] 	| 96.20 | 99.53 | 71.83 | 91.77 |
[465/1010] 	| 96.19 | 99.61 | 68.15 | 91.77 |
[466/1010] 	| 96.00 | 99.62 | 72.12 | 90.87 |
[467/1010] 	| 96.42 | 99.59 | 72.92 | 91.47 |
[468/1010] 	| 96.12 | 99.59 | 70.83 | 91.17 |
[469/1010] 	| 96.46 | 99.61 | 69.74 | 91.37 |
[470/1010] 	| 96.13 | 99.48 | 71.43 | 90.38 |
[471/1010] 	| 96.52 | 99.62 | 70.44 | 90.58 |
[472/1010] 	| 96.56 | 99.63 | 73.31 | 92.06 |
[473/1010] 	| 96.46 | 99.53 | 69.44 | 91.77 |
[474/1010] 	| 96.07 | 99.66 | 69.15 | 90.08 |
[475/1010] 	| 96.19 | 99.62 | 71.92 | 92.06 |
[476/1010] 	| 96.75 | 99.64 | 70.73 | 90.87 |
[477/1010] 	| 96.26 | 99.64 | 72.12 | 90.67 |
[478/1010] 	| 96.98 | 99.61 | 71.53 | 90.38 |
[479/1010] 	| 96.50 | 99.67 | 69.94 | 92.26 |
[480/1010] 	| 96.44 | 99.64 | 70.63 | 91.37 |
[481/1010] 	| 96.55 | 99.47 | 69.84 | 90.67 |
[482/1010] 	| 96.52 | 99.61 | 71.33 | 91.17 |
[483/1010] 	| 96.46 | 99.80 | 71.73 | 90.58 |
[484/1010] 	| 96.40 | 99.51 | 70.14 | 91.27 |
[485/1010] 	| 96.80 | 99.74 | 72.92 | 91.47 |
[486/1010] 	| 96.42 | 99.61 | 71.23 | 90.38 |
[487/1010] 	| 96.21 | 99.64 | 70.54 | 90.38 |
[488/1010] 	| 96.20 | 99.59 | 69.94 | 91.77 |
[489/1010] 	| 96.80 | 99.63 | 68.85 | 90.77 |
[490/1010] 	| 96.42 | 99.63 | 69.74 | 90.87 |
[491/1010] 	| 96.79 | 99.64 | 70.73 | 91.67 |
[492/1010] 	| 96.40 | 99.67 | 71.33 | 91.37 |
[493/1010] 	| 96.54 | 99.60 | 72.42 | 91.67 |
[494/1010] 	| 96.94 | 99.76 | 70.14 | 90.77 |
[495/1010] 	| 96.65 | 99.70 | 71.83 | 91.47 |
[496/1010] 	| 96.74 | 99.57 | 71.83 | 90.67 |
[497/1010] 	| 96.75 | 99.63 | 71.13 | 91.07 |
[498/1010] 	| 96.51 | 99.66 | 71.63 | 90.38 |
[499/1010] 	| 96.89 | 99.74 | 70.93 | 90.28 |
[500/1010] 	| 96.93 | 99.66 | 70.73 | 91.47 |
[501/1010] 	| 96.76 | 99.60 | 72.12 | 91.96 |
[502/1010] 	| 96.61 | 99.61 | 69.44 | 91.47 |
[503/1010] 	| 96.72 | 99.61 | 71.53 | 91.57 |
[504/1010] 	| 96.44 | 99.53 | 70.63 | 90.58 |
[505/1010] 	| 96.69 | 99.71 | 69.74 | 91.37 |
[506/1010] 	| 96.71 | 99.69 | 70.14 | 91.57 |
[507/1010] 	| 97.01 | 99.71 | 70.44 | 90.58 |
[508/1010] 	| 96.86 | 99.69 | 70.04 | 92.16 |
[509/1010] 	| 96.75 | 99.71 | 72.12 | 91.67 |
[510/1010] 	| 96.79 | 99.62 | 72.12 | 91.07 |
[511/1010] 	| 96.54 | 99.61 | 71.23 | 90.38 |
[512/1010] 	| 96.56 | 99.62 | 71.63 | 93.45 |
[513/1010] 	| 96.96 | 99.74 | 69.64 | 91.96 |
[514/1010] 	| 97.25 | 99.78 | 72.62 | 90.87 |
[515/1010] 	| 96.93 | 99.60 | 70.54 | 90.28 |
[516/1010] 	| 96.77 | 99.76 | 70.24 | 90.77 |
[517/1010] 	| 96.95 | 99.79 | 71.63 | 91.67 |
[518/1010] 	| 96.86 | 99.64 | 71.43 | 90.67 |
[519/1010] 	| 97.00 | 99.70 | 70.63 | 91.37 |
[520/1010] 	| 96.98 | 99.67 | 71.33 | 92.36 |
[521/1010] 	| 96.76 | 99.67 | 71.92 | 91.67 |
[522/1010] 	| 96.86 | 99.63 | 70.14 | 91.57 |
[523/1010] 	| 96.91 | 99.64 | 72.22 | 91.67 |
[524/1010] 	| 97.09 | 99.72 | 73.51 | 91.57 |
[525/1010] 	| 97.16 | 99.69 | 73.71 | 92.26 |
[526/1010] 	| 96.79 | 99.60 | 69.15 | 90.48 |
[527/1010] 	| 96.99 | 99.58 | 70.83 | 90.08 |
[528/1010] 	| 97.16 | 99.74 | 69.35 | 90.67 |
[529/1010] 	| 96.76 | 99.72 | 71.33 | 92.36 |
[530/1010] 	| 97.05 | 99.71 | 70.54 | 91.07 |
[531/1010] 	| 96.99 | 99.74 | 71.83 | 91.96 |
[532/1010] 	| 97.34 | 99.69 | 70.63 | 91.77 |
[533/1010] 	| 96.72 | 99.62 | 71.73 | 91.67 |
[534/1010] 	| 97.13 | 99.73 | 70.34 | 89.48 |
[535/1010] 	| 96.70 | 99.69 | 71.43 | 91.37 |
[536/1010] 	| 96.91 | 99.61 | 71.92 | 91.47 |
[537/1010] 	| 97.38 | 99.70 | 72.72 | 91.47 |
[538/1010] 	| 97.09 | 99.69 | 71.33 | 91.07 |
[539/1010] 	| 97.23 | 99.70 | 72.12 | 91.27 |
[540/1010] 	| 97.11 | 99.64 | 73.31 | 91.57 |
[541/1010] 	| 96.96 | 99.78 | 71.63 | 90.77 |
[542/1010] 	| 97.13 | 99.73 | 72.42 | 92.16 |
[543/1010] 	| 96.93 | 99.73 | 70.93 | 92.06 |
[544/1010] 	| 97.08 | 99.77 | 71.83 | 91.77 |
[545/1010] 	| 97.13 | 99.77 | 69.05 | 90.67 |
[546/1010] 	| 97.21 | 99.74 | 71.23 | 91.57 |
[547/1010] 	| 97.25 | 99.72 | 71.73 | 90.38 |
[548/1010] 	| 97.44 | 99.79 | 71.03 | 90.97 |
[549/1010] 	| 97.10 | 99.81 | 71.33 | 92.76 |
[550/1010] 	| 97.14 | 99.76 | 72.12 | 91.87 |
[551/1010] 	| 97.51 | 99.69 | 71.43 | 91.07 |
[552/1010] 	| 97.31 | 99.71 | 70.83 | 92.36 |
[553/1010] 	| 97.39 | 99.71 | 70.83 | 92.46 |
[554/1010] 	| 96.94 | 99.69 | 70.44 | 91.07 |
[555/1010] 	| 97.40 | 99.70 | 70.83 | 90.18 |
[556/1010] 	| 97.32 | 99.72 | 72.12 | 91.07 |
[557/1010] 	| 97.26 | 99.76 | 72.62 | 90.18 |
[558/1010] 	| 96.83 | 99.68 | 70.14 | 91.87 |
[559/1010] 	| 97.06 | 99.68 | 72.22 | 91.07 |
[560/1010] 	| 97.39 | 99.74 | 69.64 | 91.77 |
[561/1010] 	| 97.13 | 99.70 | 70.04 | 90.18 |
[562/1010] 	| 97.33 | 99.72 | 70.63 | 91.37 |
[563/1010] 	| 97.58 | 99.79 | 70.93 | 91.77 |
[564/1010] 	| 97.56 | 99.78 | 70.14 | 91.37 |
[565/1010] 	| 97.39 | 99.81 | 70.83 | 90.87 |
[566/1010] 	| 97.52 | 99.81 | 69.54 | 89.78 |
[567/1010] 	| 97.55 | 99.70 | 73.12 | 92.26 |
[568/1010] 	| 97.63 | 99.71 | 71.53 | 90.08 |
[569/1010] 	| 97.22 | 99.70 | 71.92 | 90.08 |
[570/1010] 	| 97.68 | 99.70 | 71.03 | 92.86 |
[571/1010] 	| 97.35 | 99.71 | 70.93 | 90.77 |
[572/1010] 	| 97.75 | 99.77 | 71.43 | 90.48 |
[573/1010] 	| 97.26 | 99.73 | 72.42 | 91.27 |
[574/1010] 	| 97.19 | 99.73 | 71.53 | 91.57 |
[575/1010] 	| 97.14 | 99.77 | 71.53 | 90.67 |
[576/1010] 	| 97.65 | 99.70 | 71.43 | 90.58 |
[577/1010] 	| 97.84 | 99.79 | 69.54 | 91.67 |
[578/1010] 	| 97.85 | 99.76 | 69.35 | 91.67 |
[579/1010] 	| 97.24 | 99.76 | 70.63 | 90.48 |
[580/1010] 	| 97.43 | 99.69 | 72.72 | 91.27 |
[581/1010] 	| 97.53 | 99.74 | 71.73 | 90.77 |
[582/1010] 	| 97.81 | 99.74 | 72.82 | 90.97 |
[583/1010] 	| 97.38 | 99.77 | 73.51 | 91.96 |
[584/1010] 	| 97.70 | 99.74 | 73.41 | 92.36 |
[585/1010] 	| 97.55 | 99.69 | 71.83 | 91.37 |
[586/1010] 	| 97.61 | 99.84 | 71.83 | 91.47 |
[587/1010] 	| 97.55 | 99.73 | 70.93 | 92.06 |
[588/1010] 	| 97.62 | 99.80 | 70.34 | 91.57 |
[589/1010] 	| 97.63 | 99.84 | 71.23 | 90.18 |
[590/1010] 	| 97.31 | 99.74 | 71.13 | 90.38 |
[591/1010] 	| 97.75 | 99.77 | 70.54 | 89.78 |
[592/1010] 	| 97.90 | 99.87 | 71.13 | 91.17 |
[593/1010] 	| 97.43 | 99.69 | 70.93 | 89.38 |
[594/1010] 	| 97.74 | 99.89 | 70.34 | 91.07 |
[595/1010] 	| 97.32 | 99.77 | 70.93 | 91.07 |
[596/1010] 	| 97.60 | 99.81 | 70.54 | 90.87 |
[597/1010] 	| 97.93 | 99.84 | 70.93 | 90.87 |
[598/1010] 	| 97.60 | 99.80 | 71.13 | 91.77 |
[599/1010] 	| 97.95 | 99.76 | 71.83 | 92.06 |
[600/1010] 	| 97.79 | 99.81 | 71.33 | 91.87 |
[601/1010] 	| 97.28 | 99.71 | 71.03 | 90.58 |
[602/1010] 	| 97.59 | 99.72 | 71.73 | 91.67 |
[603/1010] 	| 98.15 | 99.84 | 74.01 | 91.27 |
[604/1010] 	| 97.69 | 99.80 | 68.25 | 91.57 |
[605/1010] 	| 97.48 | 99.76 | 71.13 | 91.57 |
[606/1010] 	| 97.75 | 99.82 | 72.52 | 90.87 |
[607/1010] 	| 97.69 | 99.71 | 72.22 | 91.67 |
[608/1010] 	| 97.74 | 99.80 | 72.92 | 91.17 |
[609/1010] 	| 97.59 | 99.73 | 72.12 | 91.67 |
[610/1010] 	| 97.59 | 99.73 | 71.63 | 90.97 |
[611/1010] 	| 97.92 | 99.86 | 71.33 | 90.97 |
[612/1010] 	| 98.10 | 99.88 | 73.41 | 90.97 |
[613/1010] 	| 97.82 | 99.83 | 72.92 | 90.38 |
[614/1010] 	| 98.05 | 99.87 | 72.02 | 91.37 |
[615/1010] 	| 97.71 | 99.84 | 71.92 | 90.28 |
[616/1010] 	| 97.58 | 99.86 | 72.22 | 91.67 |
[617/1010] 	| 98.03 | 99.86 | 73.31 | 91.07 |
[618/1010] 	| 98.27 | 99.83 | 70.63 | 92.16 |
[619/1010] 	| 97.75 | 99.77 | 72.02 | 91.17 |
[620/1010] 	| 97.86 | 99.86 | 72.52 | 91.07 |
[621/1010] 	| 97.63 | 99.69 | 73.12 | 90.48 |
[622/1010] 	| 97.84 | 99.73 | 70.83 | 90.58 |
[623/1010] 	| 97.78 | 99.77 | 70.73 | 92.36 |
[624/1010] 	| 98.15 | 99.81 | 73.81 | 91.27 |
[625/1010] 	| 98.11 | 99.77 | 71.83 | 91.87 |
[626/1010] 	| 98.12 | 99.74 | 71.43 | 91.07 |
[627/1010] 	| 98.12 | 99.80 | 70.93 | 89.78 |
[628/1010] 	| 97.68 | 99.87 | 71.23 | 90.28 |
[629/1010] 	| 97.92 | 99.78 | 70.24 | 91.67 |
[630/1010] 	| 97.94 | 99.81 | 73.31 | 92.66 |
[631/1010] 	| 98.20 | 99.83 | 72.22 | 91.37 |
[632/1010] 	| 98.28 | 99.87 | 70.24 | 91.57 |
[633/1010] 	| 97.79 | 99.80 | 72.42 | 92.56 |
[634/1010] 	| 97.94 | 99.82 | 72.92 | 91.77 |
[635/1010] 	| 98.08 | 99.83 | 72.82 | 91.87 |
[636/1010] 	| 98.32 | 99.78 | 72.42 | 91.27 |
[637/1010] 	| 97.96 | 99.82 | 70.34 | 91.37 |
[638/1010] 	| 97.86 | 99.84 | 71.03 | 91.27 |
[639/1010] 	| 98.19 | 99.87 | 70.44 | 90.28 |
[640/1010] 	| 98.24 | 99.84 | 70.83 | 90.77 |
[641/1010] 	| 98.10 | 99.90 | 71.33 | 90.58 |
[642/1010] 	| 98.22 | 99.83 | 72.52 | 91.77 |
[643/1010] 	| 98.25 | 99.88 | 72.82 | 92.56 |
[644/1010] 	| 98.39 | 99.88 | 72.32 | 91.77 |
[645/1010] 	| 98.39 | 99.83 | 71.53 | 90.77 |
[646/1010] 	| 97.80 | 99.86 | 72.52 | 91.57 |
[647/1010] 	| 98.38 | 99.89 | 71.43 | 89.68 |
[648/1010] 	| 98.14 | 99.87 | 71.63 | 91.96 |
[649/1010] 	| 98.15 | 99.81 | 72.42 | 91.96 |
[650/1010] 	| 98.21 | 99.86 | 73.12 | 90.87 |
[651/1010] 	| 98.17 | 99.79 | 72.02 | 91.47 |
[652/1010] 	| 98.24 | 99.87 | 71.73 | 91.67 |
[653/1010] 	| 98.21 | 99.84 | 71.63 | 90.87 |
[654/1010] 	| 98.35 | 99.91 | 72.52 | 91.67 |
[655/1010] 	| 98.31 | 99.88 | 72.42 | 90.58 |
[656/1010] 	| 98.32 | 99.87 | 71.92 | 91.07 |
[657/1010] 	| 98.17 | 99.88 | 72.02 | 91.17 |
[658/1010] 	| 98.53 | 99.92 | 72.62 | 92.16 |
[659/1010] 	| 98.24 | 99.84 | 72.12 | 90.87 |
[660/1010] 	| 98.45 | 99.86 | 71.73 | 89.68 |
[661/1010] 	| 98.21 | 99.86 | 72.72 | 90.77 |
[662/1010] 	| 98.49 | 99.78 | 73.61 | 92.26 |
[663/1010] 	| 98.31 | 99.88 | 71.73 | 92.16 |
[664/1010] 	| 98.71 | 99.84 | 74.40 | 92.26 |
[665/1010] 	| 98.35 | 99.81 | 72.22 | 91.27 |
[666/1010] 	| 98.13 | 99.91 | 72.92 | 91.77 |
[667/1010] 	| 98.38 | 99.88 | 71.63 | 90.97 |
[668/1010] 	| 98.32 | 99.89 | 71.33 | 90.77 |
[669/1010] 	| 98.62 | 99.86 | 71.13 | 91.96 |
[670/1010] 	| 98.33 | 99.84 | 71.33 | 90.87 |
[671/1010] 	| 98.37 | 99.87 | 73.51 | 91.17 |
[672/1010] 	| 98.40 | 99.86 | 71.53 | 92.26 |
[673/1010] 	| 98.29 | 99.80 | 73.91 | 91.37 |
[674/1010] 	| 98.37 | 99.86 | 72.22 | 90.87 |
[675/1010] 	| 98.59 | 99.92 | 72.52 | 90.28 |
[676/1010] 	| 98.49 | 99.82 | 73.12 | 91.37 |
[677/1010] 	| 98.34 | 99.96 | 72.42 | 91.87 |
[678/1010] 	| 98.44 | 99.82 | 73.81 | 91.27 |
[679/1010] 	| 98.58 | 99.87 | 74.21 | 90.38 |
[680/1010] 	| 98.84 | 99.88 | 70.73 | 91.67 |
[681/1010] 	| 98.68 | 99.89 | 71.03 | 89.88 |
[682/1010] 	| 98.42 | 99.91 | 71.53 | 91.17 |
[683/1010] 	| 98.57 | 99.93 | 71.92 | 90.77 |
[684/1010] 	| 98.40 | 99.91 | 72.82 | 91.57 |
[685/1010] 	| 98.83 | 99.88 | 72.02 | 91.37 |
[686/1010] 	| 98.55 | 99.91 | 72.32 | 91.77 |
[687/1010] 	| 98.63 | 99.88 | 73.51 | 91.37 |
[688/1010] 	| 98.50 | 99.89 | 73.02 | 91.27 |
[689/1010] 	| 98.40 | 99.81 | 71.53 | 92.26 |
[690/1010] 	| 98.84 | 99.92 | 71.13 | 90.87 |
[691/1010] 	| 98.54 | 99.86 | 72.02 | 91.17 |
[692/1010] 	| 98.54 | 99.93 | 72.32 | 92.66 |
[693/1010] 	| 98.53 | 99.92 | 70.73 | 90.18 |
[694/1010] 	| 98.44 | 99.80 | 72.12 | 91.17 |
[695/1010] 	| 98.87 | 99.93 | 73.21 | 91.37 |
[696/1010] 	| 98.65 | 99.94 | 72.62 | 91.27 |
[697/1010] 	| 98.75 | 99.89 | 73.02 | 91.87 |
[698/1010] 	| 98.72 | 99.87 | 73.02 | 91.27 |
[699/1010] 	| 98.54 | 99.89 | 74.01 | 91.96 |
[700/1010] 	| 98.77 | 99.94 | 71.03 | 91.77 |
[701/1010] 	| 98.71 | 99.93 | 70.44 | 91.96 |
[702/1010] 	| 98.67 | 99.90 | 71.43 | 91.27 |
[703/1010] 	| 98.57 | 99.92 | 71.53 | 92.26 |
[704/1010] 	| 98.78 | 99.90 | 71.13 | 90.58 |
[705/1010] 	| 98.73 | 99.88 | 71.92 | 90.87 |
[706/1010] 	| 98.65 | 99.92 | 71.43 | 90.77 |
[707/1010] 	| 98.52 | 99.86 | 72.22 | 92.36 |
[708/1010] 	| 98.62 | 99.88 | 71.63 | 91.87 |
[709/1010] 	| 98.83 | 99.89 | 71.13 | 90.48 |
[710/1010] 	| 98.74 | 99.89 | 71.23 | 90.87 |
[711/1010] 	| 98.69 | 99.90 | 71.83 | 92.36 |
[712/1010] 	| 98.82 | 99.86 | 73.71 | 90.48 |
[713/1010] 	| 98.94 | 99.90 | 71.63 | 90.67 |
[714/1010] 	| 99.08 | 99.94 | 71.53 | 90.58 |
[715/1010] 	| 98.59 | 99.91 | 73.51 | 92.46 |
[716/1010] 	| 98.90 | 99.87 | 71.53 | 92.76 |
[717/1010] 	| 98.83 | 99.94 | 72.82 | 90.18 |
[718/1010] 	| 98.67 | 99.84 | 73.02 | 91.07 |
[719/1010] 	| 98.72 | 99.91 | 71.92 | 92.06 |
[720/1010] 	| 99.02 | 99.89 | 71.33 | 91.17 |
[721/1010] 	| 98.69 | 99.87 | 71.73 | 91.96 |
[722/1010] 	| 99.13 | 99.92 | 72.92 | 92.16 |
[723/1010] 	| 98.95 | 99.92 | 71.83 | 91.87 |
[724/1010] 	| 98.80 | 99.96 | 71.13 | 90.97 |
[725/1010] 	| 98.89 | 99.91 | 71.73 | 91.67 |
[726/1010] 	| 99.02 | 99.92 | 72.12 | 91.67 |
[727/1010] 	| 98.87 | 99.88 | 72.42 | 92.06 |
[728/1010] 	| 98.78 | 99.89 | 69.84 | 90.38 |
[729/1010] 	| 98.65 | 99.86 | 71.43 | 92.06 |
[730/1010] 	| 98.95 | 99.92 | 72.12 | 92.16 |
[731/1010] 	| 98.93 | 99.91 | 71.83 | 91.77 |
[732/1010] 	| 99.13 | 99.90 | 71.43 | 91.77 |
[733/1010] 	| 99.03 | 99.90 | 72.52 | 91.37 |
[734/1010] 	| 98.89 | 99.93 | 70.93 | 91.47 |
[735/1010] 	| 98.97 | 99.89 | 70.44 | 90.67 |
[736/1010] 	| 98.90 | 99.93 | 71.33 | 90.18 |
[737/1010] 	| 99.09 | 99.92 | 70.73 | 93.25 |
[738/1010] 	| 98.89 | 99.92 | 72.32 | 91.67 |
[739/1010] 	| 99.01 | 99.92 | 72.32 | 92.66 |
[740/1010] 	| 99.03 | 99.90 | 71.13 | 92.56 |
[741/1010] 	| 99.05 | 99.94 | 71.43 | 92.06 |
[742/1010] 	| 98.84 | 99.93 | 72.22 | 92.26 |
[743/1010] 	| 99.18 | 99.96 | 72.32 | 92.16 |
[744/1010] 	| 98.91 | 99.89 | 71.92 | 91.67 |
[745/1010] 	| 98.88 | 99.92 | 71.23 | 92.86 |
[746/1010] 	| 98.88 | 99.93 | 73.41 | 92.66 |
[747/1010] 	| 98.90 | 99.91 | 73.51 | 92.56 |
[748/1010] 	| 99.22 | 99.96 | 74.50 | 93.45 |
[749/1010] 	| 99.05 | 99.94 | 71.83 | 92.66 |
[750/1010] 	| 98.90 | 99.98 | 72.82 | 91.37 |
[751/1010] 	| 99.05 | 99.97 | 74.01 | 92.36 |
[752/1010] 	| 99.22 | 99.90 | 73.21 | 91.77 |
[753/1010] 	| 99.24 | 99.93 | 72.92 | 91.77 |
[754/1010] 	| 99.00 | 99.91 | 72.22 | 91.67 |
[755/1010] 	| 98.91 | 99.92 | 73.31 | 92.26 |
[756/1010] 	| 98.97 | 99.89 | 72.82 | 91.27 |
[757/1010] 	| 99.04 | 99.93 | 71.43 | 92.06 |
[758/1010] 	| 99.09 | 99.91 | 72.92 | 91.87 |
[759/1010] 	| 99.20 | 99.92 | 70.63 | 91.37 |
[760/1010] 	| 99.31 | 99.94 | 73.12 | 92.46 |
[761/1010] 	| 99.19 | 99.94 | 71.03 | 92.06 |
[762/1010] 	| 99.14 | 99.93 | 73.31 | 92.06 |
[763/1010] 	| 99.28 | 99.92 | 73.41 | 92.76 |
[764/1010] 	| 99.30 | 99.98 | 71.13 | 91.27 |
[765/1010] 	| 99.01 | 99.89 | 73.02 | 91.07 |
[766/1010] 	| 99.21 | 99.94 | 72.82 | 90.97 |
[767/1010] 	| 99.05 | 99.92 | 72.92 | 91.77 |
[768/1010] 	| 99.31 | 99.97 | 74.40 | 91.96 |
[769/1010] 	| 99.27 | 99.94 | 73.21 | 92.36 |
[770/1010] 	| 99.33 | 99.94 | 72.12 | 91.96 |
[771/1010] 	| 99.35 | 99.99 | 72.52 | 91.17 |
[772/1010] 	| 99.27 | 99.96 | 73.51 | 91.67 |
[773/1010] 	| 99.32 | 99.92 | 72.82 | 91.47 |
[774/1010] 	| 99.18 | 99.92 | 72.92 | 91.77 |
[775/1010] 	| 99.32 | 99.98 | 73.41 | 91.17 |
[776/1010] 	| 99.28 | 99.92 | 73.21 | 92.26 |
[777/1010] 	| 99.33 | 99.96 | 73.02 | 91.87 |
[778/1010] 	| 99.37 | 99.98 | 72.32 | 92.06 |
[779/1010] 	| 99.32 | 99.96 | 73.31 | 92.16 |
[780/1010] 	| 99.28 | 99.98 | 72.22 | 93.06 |
[781/1010] 	| 99.21 | 99.97 | 72.02 | 93.35 |
[782/1010] 	| 99.20 | 99.94 | 73.61 | 91.77 |
[783/1010] 	| 99.32 | 99.99 | 72.32 | 92.06 |
[784/1010] 	| 99.02 | 99.96 | 74.01 | 92.96 |
[785/1010] 	| 99.48 | 99.97 | 72.42 | 93.15 |
[786/1010] 	| 99.32 | 99.92 | 72.52 | 90.67 |
[787/1010] 	| 99.41 | 99.96 | 72.62 | 91.07 |
[788/1010] 	| 99.56 | 99.98 | 74.50 | 92.26 |
[789/1010] 	| 99.43 | 99.94 | 71.43 | 90.77 |
[790/1010] 	| 99.30 | 99.97 | 72.82 | 90.28 |
[791/1010] 	| 99.39 | 99.97 | 73.21 | 91.96 |
[792/1010] 	| 99.47 | 99.98 | 72.02 | 91.57 |
[793/1010] 	| 99.47 | 99.98 | 70.93 | 91.47 |
[794/1010] 	| 99.34 | 99.99 | 72.12 | 91.17 |
[795/1010] 	| 99.32 | 99.97 | 73.21 | 92.06 |
[796/1010] 	| 99.35 | 100.00 | 72.42 | 91.96 |
[797/1010] 	| 99.37 | 100.00 | 73.41 | 91.77 |
[798/1010] 	| 99.46 | 100.00 | 74.50 | 91.77 |
[799/1010] 	| 99.40 | 99.99 | 73.81 | 91.57 |
[800/1010] 	| 99.39 | 99.96 | 73.71 | 91.07 |
[801/1010] 	| 99.33 | 99.93 | 73.71 | 92.06 |
[802/1010] 	| 99.46 | 99.96 | 73.71 | 91.57 |
[803/1010] 	| 99.37 | 99.94 | 75.10 | 92.36 |
[804/1010] 	| 99.46 | 99.97 | 74.60 | 91.96 |
[805/1010] 	| 99.37 | 99.93 | 75.60 | 92.06 |
[806/1010] 	| 99.42 | 99.98 | 72.22 | 91.87 |
[807/1010] 	| 99.59 | 99.99 | 72.32 | 91.67 |
[808/1010] 	| 99.46 | 99.98 | 73.41 | 91.96 |
[809/1010] 	| 99.44 | 99.94 | 74.40 | 91.27 |
[810/1010] 	| 99.37 | 99.94 | 73.21 | 91.17 |
[811/1010] 	| 99.43 | 99.98 | 74.40 | 90.97 |
[812/1010] 	| 99.63 | 99.99 | 73.31 | 92.26 |
[813/1010] 	| 99.56 | 99.99 | 73.41 | 92.36 |
[814/1010] 	| 99.57 | 99.97 | 74.21 | 93.45 |
[815/1010] 	| 99.53 | 99.97 | 72.52 | 92.86 |
[816/1010] 	| 99.66 | 99.99 | 75.20 | 91.37 |
[817/1010] 	| 99.46 | 99.97 | 73.21 | 92.46 |
[818/1010] 	| 99.40 | 99.99 | 72.82 | 91.87 |
[819/1010] 	| 99.51 | 99.96 | 72.42 | 91.17 |
[820/1010] 	| 99.60 | 99.96 | 73.41 | 90.87 |
[821/1010] 	| 99.56 | 99.97 | 74.80 | 91.96 |
[822/1010] 	| 99.54 | 99.98 | 74.11 | 93.85 |
[823/1010] 	| 99.44 | 99.96 | 74.70 | 91.67 |
[824/1010] 	| 99.57 | 99.94 | 74.90 | 92.06 |
[825/1010] 	| 99.53 | 99.99 | 74.90 | 91.96 |
[826/1010] 	| 99.66 | 99.99 | 74.50 | 91.77 |
[827/1010] 	| 99.61 | 99.96 | 74.21 | 92.26 |
[828/1010] 	| 99.61 | 99.99 | 72.82 | 91.57 |
[829/1010] 	| 99.51 | 99.97 | 74.11 | 92.66 |
[830/1010] 	| 99.42 | 99.97 | 75.79 | 93.06 |
[831/1010] 	| 99.60 | 99.94 | 74.80 | 92.46 |
[832/1010] 	| 99.58 | 99.98 | 74.40 | 91.67 |
[833/1010] 	| 99.59 | 99.98 | 75.30 | 92.56 |
[834/1010] 	| 99.74 | 99.98 | 73.41 | 92.76 |
[835/1010] 	| 99.76 | 99.98 | 75.20 | 92.16 |
[836/1010] 	| 99.60 | 100.00 | 73.61 | 90.77 |
[837/1010] 	| 99.60 | 99.92 | 74.60 | 90.87 |
[838/1010] 	| 99.61 | 99.98 | 75.10 | 92.46 |
[839/1010] 	| 99.58 | 99.97 | 74.01 | 91.47 |
[840/1010] 	| 99.60 | 99.98 | 74.70 | 92.96 |
[841/1010] 	| 99.69 | 99.96 | 74.50 | 92.16 |
[842/1010] 	| 99.56 | 99.97 | 73.91 | 92.46 |
[843/1010] 	| 99.62 | 99.98 | 74.01 | 91.67 |
[844/1010] 	| 99.78 | 99.99 | 73.12 | 91.67 |
[845/1010] 	| 99.58 | 100.00 | 73.81 | 92.16 |
[846/1010] 	| 99.63 | 99.97 | 73.91 | 92.16 |
[847/1010] 	| 99.70 | 99.97 | 75.30 | 91.07 |
[848/1010] 	| 99.68 | 99.99 | 73.91 | 91.47 |
[849/1010] 	| 99.71 | 100.00 | 73.21 | 91.67 |
[850/1010] 	| 99.66 | 99.99 | 74.70 | 91.67 |
[851/1010] 	| 99.72 | 99.99 | 72.32 | 91.57 |
[852/1010] 	| 99.70 | 100.00 | 75.00 | 91.77 |
[853/1010] 	| 99.73 | 99.99 | 74.70 | 91.96 |
[854/1010] 	| 99.58 | 99.97 | 72.02 | 91.87 |
[855/1010] 	| 99.61 | 99.99 | 74.11 | 91.37 |
[856/1010] 	| 99.68 | 99.99 | 72.92 | 91.47 |
[857/1010] 	| 99.72 | 99.99 | 73.81 | 91.07 |
[858/1010] 	| 99.68 | 99.98 | 73.61 | 91.37 |
[859/1010] 	| 99.74 | 100.00 | 72.42 | 91.96 |
[860/1010] 	| 99.61 | 100.00 | 72.82 | 91.77 |
[861/1010] 	| 99.77 | 100.00 | 73.71 | 91.27 |
[862/1010] 	| 99.74 | 100.00 | 74.60 | 91.57 |
[863/1010] 	| 99.78 | 99.99 | 74.50 | 90.58 |
[864/1010] 	| 99.77 | 99.98 | 75.99 | 91.37 |
[865/1010] 	| 99.78 | 100.00 | 75.89 | 91.47 |
[866/1010] 	| 99.77 | 100.00 | 74.60 | 91.07 |
[867/1010] 	| 99.77 | 99.99 | 75.40 | 92.36 |
[868/1010] 	| 99.72 | 99.99 | 75.30 | 93.06 |
[869/1010] 	| 99.73 | 99.97 | 74.60 | 93.55 |
[870/1010] 	| 99.81 | 99.97 | 76.09 | 92.46 |
[871/1010] 	| 99.72 | 99.97 | 74.31 | 91.07 |
[872/1010] 	| 99.69 | 100.00 | 74.80 | 91.37 |
[873/1010] 	| 99.68 | 99.99 | 74.21 | 91.17 |
[874/1010] 	| 99.72 | 100.00 | 75.89 | 90.87 |
[875/1010] 	| 99.78 | 99.98 | 74.01 | 92.86 |
[876/1010] 	| 99.79 | 100.00 | 74.60 | 91.37 |
[877/1010] 	| 99.73 | 99.99 | 74.80 | 91.96 |
[878/1010] 	| 99.79 | 99.99 | 73.02 | 91.87 |
[879/1010] 	| 99.76 | 99.99 | 75.30 | 92.16 |
[880/1010] 	| 99.80 | 99.99 | 75.89 | 90.67 |
[881/1010] 	| 99.77 | 99.98 | 73.41 | 91.37 |
[882/1010] 	| 99.78 | 99.99 | 74.90 | 91.96 |
[883/1010] 	| 99.73 | 99.99 | 74.60 | 92.36 |
[884/1010] 	| 99.74 | 99.99 | 73.71 | 91.27 |
[885/1010] 	| 99.79 | 99.99 | 74.50 | 91.37 |
[886/1010] 	| 99.77 | 99.99 | 73.91 | 91.57 |
[887/1010] 	| 99.80 | 99.98 | 75.30 | 92.16 |
[888/1010] 	| 99.88 | 100.00 | 74.40 | 92.66 |
[889/1010] 	| 99.78 | 99.99 | 75.69 | 91.67 |
[890/1010] 	| 99.77 | 99.98 | 74.90 | 92.36 |
[891/1010] 	| 99.86 | 100.00 | 75.20 | 92.56 |
[892/1010] 	| 99.78 | 100.00 | 74.21 | 91.96 |
[893/1010] 	| 99.84 | 100.00 | 75.79 | 92.56 |
[894/1010] 	| 99.83 | 100.00 | 75.00 | 91.87 |
[895/1010] 	| 99.79 | 99.99 | 75.79 | 91.67 |
[896/1010] 	| 99.82 | 99.99 | 73.21 | 91.77 |
[897/1010] 	| 99.86 | 99.99 | 74.70 | 91.87 |
[898/1010] 	| 99.81 | 100.00 | 74.60 | 92.66 |
[899/1010] 	| 99.86 | 99.99 | 73.91 | 91.77 |
[900/1010] 	| 99.96 | 100.00 | 75.30 | 92.06 |
[901/1010] 	| 99.82 | 99.99 | 73.71 | 91.47 |
[902/1010] 	| 99.88 | 100.00 | 74.60 | 91.87 |
[903/1010] 	| 99.80 | 99.98 | 73.41 | 91.96 |
[904/1010] 	| 99.87 | 99.99 | 75.79 | 92.76 |
[905/1010] 	| 99.80 | 100.00 | 75.30 | 92.66 |
[906/1010] 	| 99.87 | 100.00 | 75.10 | 91.87 |
[907/1010] 	| 99.88 | 100.00 | 73.61 | 92.76 |
[908/1010] 	| 99.92 | 100.00 | 74.11 | 91.57 |
[909/1010] 	| 99.82 | 100.00 | 75.79 | 92.36 |
[910/1010] 	| 99.91 | 100.00 | 75.40 | 92.96 |
[911/1010] 	| 99.84 | 99.99 | 75.20 | 92.16 |
[912/1010] 	| 99.83 | 100.00 | 75.40 | 92.36 |
[913/1010] 	| 99.90 | 100.00 | 74.40 | 92.16 |
[914/1010] 	| 99.92 | 100.00 | 76.29 | 91.96 |
[915/1010] 	| 99.91 | 100.00 | 75.79 | 92.36 |
[916/1010] 	| 99.82 | 100.00 | 75.40 | 92.66 |
[917/1010] 	| 99.93 | 99.99 | 74.70 | 92.46 |
[918/1010] 	| 99.91 | 99.99 | 75.40 | 93.25 |
[919/1010] 	| 99.78 | 99.99 | 74.01 | 91.37 |
[920/1010] 	| 99.86 | 100.00 | 74.80 | 92.36 |
[921/1010] 	| 99.84 | 100.00 | 74.21 | 92.46 |
[922/1010] 	| 99.82 | 100.00 | 74.70 | 92.96 |
[923/1010] 	| 99.88 | 99.99 | 75.10 | 92.66 |
[924/1010] 	| 99.93 | 100.00 | 75.00 | 92.56 |
[925/1010] 	| 99.91 | 99.99 | 74.01 | 92.06 |
[926/1010] 	| 99.88 | 100.00 | 73.51 | 93.35 |
[927/1010] 	| 99.89 | 100.00 | 74.50 | 92.36 |
[928/1010] 	| 99.93 | 100.00 | 74.80 | 91.67 |
[929/1010] 	| 99.92 | 100.00 | 74.90 | 92.86 |
[930/1010] 	| 99.97 | 100.00 | 74.11 | 92.36 |
[931/1010] 	| 99.88 | 100.00 | 75.10 | 92.36 |
[932/1010] 	| 99.93 | 100.00 | 76.59 | 91.77 |
[933/1010] 	| 99.89 | 99.98 | 75.10 | 93.15 |
[934/1010] 	| 99.89 | 100.00 | 75.99 | 92.26 |
[935/1010] 	| 99.91 | 99.99 | 74.70 | 92.46 |
[936/1010] 	| 99.87 | 100.00 | 75.20 | 92.56 |
[937/1010] 	| 99.84 | 100.00 | 74.40 | 92.16 |
[938/1010] 	| 99.83 | 100.00 | 75.00 | 91.37 |
[939/1010] 	| 99.87 | 99.99 | 74.21 | 91.87 |
[940/1010] 	| 99.91 | 100.00 | 76.09 | 92.56 |
[941/1010] 	| 99.94 | 99.99 | 75.79 | 92.96 |
[942/1010] 	| 99.90 | 100.00 | 76.69 | 93.06 |
[943/1010] 	| 99.90 | 99.99 | 75.10 | 92.86 |
[944/1010] 	| 99.88 | 100.00 | 73.02 | 93.25 |
[945/1010] 	| 99.89 | 100.00 | 75.60 | 92.46 |
[946/1010] 	| 99.92 | 100.00 | 75.20 | 92.36 |
[947/1010] 	| 99.96 | 100.00 | 75.20 | 93.15 |
[948/1010] 	| 99.92 | 99.99 | 73.71 | 92.76 |
[949/1010] 	| 99.87 | 99.99 | 73.91 | 92.96 |
[950/1010] 	| 99.94 | 100.00 | 76.19 | 93.35 |
[951/1010] 	| 99.94 | 99.99 | 73.71 | 92.46 |
[952/1010] 	| 99.97 | 100.00 | 74.50 | 92.76 |
[953/1010] 	| 99.90 | 100.00 | 73.81 | 92.86 |
[954/1010] 	| 99.93 | 100.00 | 74.60 | 92.26 |
[955/1010] 	| 99.92 | 100.00 | 73.51 | 92.16 |
[956/1010] 	| 99.92 | 100.00 | 74.80 | 92.86 |
[957/1010] 	| 99.94 | 100.00 | 74.31 | 92.76 |
[958/1010] 	| 99.89 | 99.99 | 73.81 | 93.55 |
[959/1010] 	| 99.92 | 100.00 | 75.79 | 92.66 |
[960/1010] 	| 99.93 | 100.00 | 73.51 | 92.16 |
[961/1010] 	| 99.94 | 100.00 | 75.30 | 93.06 |
[962/1010] 	| 99.97 | 100.00 | 75.10 | 92.76 |
[963/1010] 	| 99.92 | 100.00 | 75.69 | 92.56 |
[964/1010] 	| 99.92 | 100.00 | 74.21 | 93.25 |
[965/1010] 	| 99.83 | 100.00 | 74.50 | 92.46 |
[966/1010] 	| 99.97 | 100.00 | 74.90 | 92.06 |
[967/1010] 	| 99.93 | 100.00 | 75.99 | 92.46 |
[968/1010] 	| 99.97 | 100.00 | 75.60 | 92.66 |
[969/1010] 	| 99.89 | 100.00 | 74.60 | 92.26 |
[970/1010] 	| 99.96 | 100.00 | 76.19 | 92.96 |
[971/1010] 	| 99.97 | 100.00 | 75.40 | 93.15 |
[972/1010] 	| 99.96 | 100.00 | 74.31 | 93.06 |
[973/1010] 	| 99.93 | 100.00 | 76.39 | 93.06 |
[974/1010] 	| 99.97 | 99.99 | 75.99 | 92.76 |
[975/1010] 	| 99.96 | 100.00 | 75.79 | 93.15 |
[976/1010] 	| 99.93 | 100.00 | 75.20 | 92.46 |
[977/1010] 	| 99.97 | 100.00 | 75.60 | 93.35 |
[978/1010] 	| 99.97 | 100.00 | 75.40 | 92.66 |
[979/1010] 	| 99.92 | 99.99 | 76.19 | 92.06 |
[980/1010] 	| 99.92 | 100.00 | 74.31 | 92.06 |
[981/1010] 	| 99.88 | 100.00 | 75.10 | 92.46 |
[982/1010] 	| 99.96 | 100.00 | 75.40 | 93.55 |
[983/1010] 	| 99.93 | 100.00 | 74.80 | 93.75 |
[984/1010] 	| 99.97 | 100.00 | 75.40 | 91.67 |
[985/1010] 	| 99.96 | 100.00 | 75.99 | 93.65 |
[986/1010] 	| 99.98 | 100.00 | 75.20 | 92.96 |
[987/1010] 	| 99.93 | 100.00 | 74.80 | 93.65 |
[988/1010] 	| 99.94 | 99.99 | 76.29 | 93.06 |
[989/1010] 	| 99.97 | 100.00 | 75.60 | 92.66 |
[990/1010] 	| 99.93 | 100.00 | 74.80 | 92.26 |
[991/1010] 	| 99.94 | 100.00 | 75.00 | 92.66 |
[992/1010] 	| 99.96 | 100.00 | 76.29 | 92.26 |
[993/1010] 	| 99.91 | 100.00 | 75.40 | 92.56 |
[994/1010] 	| 99.98 | 100.00 | 73.51 | 93.25 |
[995/1010] 	| 99.92 | 100.00 | 75.10 | 92.56 |
[996/1010] 	| 99.96 | 100.00 | 75.30 | 93.06 |
[997/1010] 	| 99.97 | 100.00 | 75.60 | 92.96 |
[998/1010] 	| 99.99 | 100.00 | 75.30 | 92.96 |
[999/1010] 	| 100.00 | 100.00 | 75.10 | 93.65 |
[1000/1010] 	| 99.98 | 100.00 | 74.90 | 93.06 |
[1001/1010] 	| 99.94 | 100.00 | 75.99 | 92.36 |
[1002/1010] 	| 99.92 | 100.00 | 74.80 | 93.55 |
[1003/1010] 	| 99.98 | 100.00 | 74.90 | 93.55 |
[1004/1010] 	| 99.97 | 100.00 | 75.50 | 92.76 |
[1005/1010] 	| 99.90 | 100.00 | 75.40 | 93.06 |
[1006/1010] 	| 99.97 | 100.00 | 74.40 | 93.45 |
[1007/1010] 	| 99.97 | 100.00 | 74.40 | 92.66 |
[1008/1010] 	| 99.94 | 100.00 | 74.60 | 92.26 |
[1009/1010] 	| 99.97 | 100.00 | 75.00 | 92.16 |
[1010/1010] 	| 99.94 | 100.00 | 75.30 | 93.15 |
