Parameters: 14,139,050
         	|     Train     |      Test     |
         	| Top-1 | Top-3 | Top-1 | Top-3 |
[1/1010] 	| 13.58 | 38.52 | 18.85 | 43.65 |
[2/1010] 	| 23.41 | 55.18 | 29.86 | 63.49 |
[3/1010] 	| 28.30 | 61.41 | 31.55 | 64.48 |
[4/1010] 	| 30.52 | 65.68 | 32.74 | 65.87 |
[5/1010] 	| 32.20 | 66.34 | 30.46 | 65.67 |
[6/1010] 	| 33.31 | 67.94 | 37.20 | 71.83 |
[7/1010] 	| 33.70 | 68.65 | 35.12 | 68.55 |
[8/1010] 	| 33.96 | 69.01 | 37.80 | 70.63 |
[9/1010] 	| 35.03 | 69.85 | 34.42 | 67.36 |
[10/1010] 	| 35.68 | 69.78 | 33.73 | 70.34 |
[11/1010] 	| 36.12 | 70.75 | 38.69 | 71.13 |
[12/1010] 	| 38.46 | 72.00 | 35.91 | 69.84 |
[13/1010] 	| 39.71 | 72.84 | 40.77 | 74.60 |
[14/1010] 	| 40.73 | 73.31 | 44.15 | 71.92 |
[15/1010] 	| 40.44 | 74.00 | 40.67 | 74.21 |
[16/1010] 	| 40.78 | 74.14 | 41.67 | 74.31 |
[17/1010] 	| 42.12 | 74.88 | 45.93 | 74.80 |
[18/1010] 	| 43.17 | 74.98 | 44.35 | 73.51 |
[19/1010] 	| 42.55 | 75.68 | 40.67 | 73.21 |
[20/1010] 	| 44.07 | 76.43 | 43.85 | 75.30 |
[21/1010] 	| 44.42 | 76.79 | 45.44 | 75.30 |
[22/1010] 	| 45.97 | 77.40 | 45.34 | 78.77 |
[23/1010] 	| 46.46 | 77.45 | 44.94 | 75.30 |
[24/1010] 	| 46.34 | 78.04 | 46.53 | 75.60 |
[25/1010] 	| 46.70 | 78.18 | 46.73 | 76.79 |
[26/1010] 	| 47.83 | 79.42 | 49.50 | 79.96 |
[27/1010] 	| 48.65 | 79.28 | 48.91 | 77.58 |
[28/1010] 	| 48.43 | 79.60 | 46.13 | 77.88 |
[29/1010] 	| 50.12 | 80.60 | 48.51 | 78.08 |
[30/1010] 	| 50.43 | 80.84 | 48.61 | 80.95 |
[31/1010] 	| 50.30 | 81.26 | 49.31 | 80.85 |
[32/1010] 	| 50.62 | 81.53 | 48.12 | 77.48 |
[33/1010] 	| 50.79 | 81.41 | 50.00 | 79.27 |
[34/1010] 	| 52.11 | 82.03 | 49.80 | 81.85 |
[35/1010] 	| 52.34 | 82.70 | 49.60 | 82.64 |
[36/1010] 	| 52.97 | 82.46 | 49.80 | 81.55 |
[37/1010] 	| 53.89 | 83.44 | 50.89 | 79.17 |
[38/1010] 	| 53.44 | 83.45 | 49.80 | 80.46 |
[39/1010] 	| 54.16 | 83.01 | 51.09 | 81.05 |
[40/1010] 	| 54.07 | 84.12 | 49.80 | 81.75 |
[41/1010] 	| 53.89 | 84.23 | 50.10 | 80.56 |
[42/1010] 	| 54.46 | 84.00 | 50.69 | 80.85 |
[43/1010] 	| 54.83 | 84.66 | 49.31 | 82.84 |
[44/1010] 	| 55.92 | 84.96 | 48.51 | 80.56 |
[45/1010] 	| 56.44 | 85.21 | 50.60 | 81.94 |
[46/1010] 	| 56.95 | 85.40 | 50.10 | 81.35 |
[47/1010] 	| 56.63 | 85.95 | 51.09 | 81.15 |
[48/1010] 	| 56.63 | 85.91 | 51.29 | 81.94 |
[49/1010] 	| 57.68 | 86.08 | 53.57 | 82.34 |
[50/1010] 	| 57.54 | 86.08 | 52.18 | 81.45 |
[51/1010] 	| 58.06 | 86.29 | 50.99 | 81.75 |
[52/1010] 	| 58.10 | 86.63 | 52.68 | 82.94 |
[53/1010] 	| 58.79 | 87.32 | 51.19 | 81.25 |
[54/1010] 	| 59.24 | 87.47 | 50.79 | 83.23 |
[55/1010] 	| 58.42 | 86.60 | 53.08 | 82.44 |
[56/1010] 	| 59.43 | 87.10 | 51.59 | 81.25 |
[57/1010] 	| 59.80 | 87.82 | 50.30 | 80.06 |
[58/1010] 	| 59.23 | 87.40 | 49.11 | 80.46 |
[59/1010] 	| 60.00 | 88.16 | 52.48 | 81.85 |
[60/1010] 	| 59.59 | 87.32 | 52.48 | 81.35 |
[61/1010] 	| 60.35 | 87.62 | 51.88 | 81.65 |
[62/1010] 	| 60.22 | 88.23 | 51.09 | 82.24 |
[63/1010] 	| 60.70 | 88.09 | 53.17 | 82.74 |
[64/1010] 	| 60.75 | 88.23 | 50.30 | 80.75 |
[65/1010] 	| 60.71 | 87.92 | 52.08 | 82.34 |
[66/1010] 	| 61.73 | 88.57 | 50.89 | 83.13 |
[67/1010] 	| 60.77 | 88.75 | 50.10 | 82.34 |
[68/1010] 	| 61.96 | 88.70 | 51.98 | 81.75 |
[69/1010] 	| 61.78 | 89.21 | 47.32 | 81.35 |
[70/1010] 	| 62.18 | 89.00 | 54.07 | 82.44 |
[71/1010] 	| 60.94 | 88.71 | 53.37 | 81.15 |
[72/1010] 	| 61.13 | 88.80 | 47.52 | 82.34 |
[73/1010] 	| 62.29 | 89.19 | 52.98 | 82.64 |
[74/1010] 	| 62.39 | 89.52 | 49.21 | 81.35 |
[75/1010] 	| 63.20 | 89.44 | 52.58 | 82.44 |
[76/1010] 	| 63.07 | 89.45 | 51.98 | 82.04 |
[77/1010] 	| 64.32 | 89.97 | 52.38 | 83.13 |
[78/1010] 	| 63.23 | 89.85 | 52.18 | 81.05 |
[79/1010] 	| 63.28 | 89.99 | 51.49 | 80.95 |
[80/1010] 	| 63.10 | 89.86 | 47.62 | 81.45 |
[81/1010] 	| 63.62 | 90.31 | 52.58 | 83.13 |
[82/1010] 	| 63.79 | 89.98 | 52.88 | 81.15 |
[83/1010] 	| 63.96 | 90.04 | 53.17 | 84.03 |
[84/1010] 	| 62.07 | 88.89 | 51.69 | 83.13 |
[85/1010] 	| 63.30 | 89.79 | 52.58 | 82.34 |
[86/1010] 	| 64.72 | 90.16 | 52.78 | 82.14 |
[87/1010] 	| 63.39 | 89.78 | 50.69 | 83.13 |
[88/1010] 	| 63.13 | 89.57 | 49.80 | 82.44 |
[89/1010] 	| 64.15 | 89.62 | 52.38 | 82.34 |
[90/1010] 	| 63.20 | 89.70 | 54.66 | 82.94 |
[91/1010] 	| 64.28 | 90.93 | 55.46 | 82.34 |
[92/1010] 	| 64.69 | 90.39 | 50.10 | 80.26 |
[93/1010] 	| 62.99 | 89.87 | 50.69 | 81.15 |
[94/1010] 	| 64.75 | 90.69 | 52.08 | 83.04 |
[95/1010] 	| 62.98 | 88.87 | 53.47 | 81.75 |
[96/1010] 	| 64.82 | 90.46 | 53.27 | 82.64 |
[97/1010] 	| 64.44 | 90.62 | 51.29 | 82.44 |
[98/1010] 	| 63.08 | 89.72 | 49.50 | 81.94 |
[99/1010] 	| 63.57 | 89.75 | 53.67 | 82.34 |
[100/1010] 	| 65.02 | 90.25 | 53.67 | 82.44 |
[101/1010] 	| 65.41 | 90.56 | 54.56 | 83.43 |
[102/1010] 	| 64.49 | 90.41 | 52.28 | 84.13 |
[103/1010] 	| 64.56 | 90.45 | 54.17 | 83.83 |
[104/1010] 	| 65.20 | 90.70 | 52.98 | 82.94 |
[105/1010] 	| 65.14 | 90.88 | 53.37 | 82.14 |
[106/1010] 	| 65.75 | 91.03 | 53.87 | 82.74 |
[107/1010] 	| 63.33 | 89.90 | 54.66 | 83.73 |
[108/1010] 	| 67.04 | 91.96 | 55.16 | 83.93 |
[109/1010] 	| 66.50 | 90.98 | 54.07 | 82.44 |
[110/1010] 	| 65.65 | 90.80 | 52.98 | 82.84 |
[111/1010] 	| 66.77 | 91.63 | 52.58 | 81.94 |
[112/1010] 	| 67.89 | 91.96 | 55.26 | 82.14 |
[113/1010] 	| 66.23 | 91.96 | 53.67 | 82.14 |
[114/1010] 	| 65.90 | 91.29 | 50.89 | 82.34 |
[115/1010] 	| 66.10 | 91.43 | 55.65 | 85.02 |
[116/1010] 	| 67.59 | 91.54 | 49.90 | 83.23 |
[117/1010] 	| 66.23 | 91.25 | 53.57 | 83.83 |
[118/1010] 	| 65.19 | 90.81 | 50.79 | 80.95 |
[119/1010] 	| 62.19 | 89.12 | 52.08 | 83.93 |
[120/1010] 	| 67.86 | 91.83 | 53.77 | 82.64 |
[121/1010] 	| 67.02 | 91.63 | 53.08 | 82.74 |
[122/1010] 	| 66.80 | 91.61 | 54.76 | 83.43 |
[123/1010] 	| 67.49 | 91.63 | 53.87 | 84.03 |
[124/1010] 	| 68.32 | 92.05 | 55.75 | 83.63 |
[125/1010] 	| 67.60 | 92.14 | 52.88 | 83.23 |
[126/1010] 	| 68.22 | 92.26 | 56.05 | 84.72 |
[127/1010] 	| 68.43 | 92.55 | 55.56 | 83.23 |
[128/1010] 	| 67.22 | 91.76 | 51.39 | 81.35 |
[129/1010] 	| 68.37 | 92.19 | 56.45 | 83.83 |
[130/1010] 	| 67.72 | 91.75 | 53.87 | 83.23 |
[131/1010] 	| 68.62 | 92.58 | 54.96 | 84.42 |
[132/1010] 	| 69.44 | 92.63 | 58.04 | 85.71 |
[133/1010] 	| 68.41 | 92.64 | 55.85 | 84.42 |
[134/1010] 	| 68.82 | 92.40 | 56.15 | 84.52 |
[135/1010] 	| 69.18 | 92.59 | 54.07 | 82.64 |
[136/1010] 	| 70.36 | 93.21 | 56.05 | 84.13 |
[137/1010] 	| 68.72 | 91.86 | 56.85 | 84.03 |
[138/1010] 	| 68.78 | 92.58 | 57.04 | 85.22 |
[139/1010] 	| 70.28 | 93.10 | 57.24 | 84.72 |
[140/1010] 	| 69.91 | 92.73 | 56.05 | 82.74 |
[141/1010] 	| 69.70 | 92.79 | 55.16 | 84.42 |
[142/1010] 	| 69.91 | 93.35 | 57.74 | 84.52 |
[143/1010] 	| 70.54 | 93.55 | 57.14 | 82.44 |
[144/1010] 	| 69.37 | 92.87 | 55.06 | 83.73 |
[145/1010] 	| 69.47 | 92.58 | 54.56 | 84.52 |
[146/1010] 	| 70.22 | 92.89 | 54.66 | 84.42 |
[147/1010] 	| 70.74 | 93.13 | 52.78 | 84.13 |
[148/1010] 	| 69.28 | 92.82 | 55.56 | 84.62 |
[149/1010] 	| 68.78 | 92.76 | 55.26 | 83.83 |
[150/1010] 	| 71.42 | 92.94 | 54.27 | 83.53 |
[151/1010] 	| 71.04 | 93.14 | 54.37 | 84.82 |
[152/1010] 	| 70.43 | 92.99 | 55.46 | 83.53 |
[153/1010] 	| 71.71 | 93.46 | 56.45 | 83.93 |
[154/1010] 	| 71.42 | 93.09 | 57.74 | 85.62 |
[155/1010] 	| 70.35 | 93.62 | 55.46 | 82.74 |
[156/1010] 	| 70.90 | 92.85 | 56.65 | 84.13 |
[157/1010] 	| 73.34 | 94.53 | 56.85 | 84.92 |
[158/1010] 	| 71.39 | 93.19 | 54.17 | 83.23 |
[159/1010] 	| 70.65 | 92.78 | 54.96 | 84.62 |
[160/1010] 	| 72.09 | 93.58 | 56.85 | 85.81 |
[161/1010] 	| 71.63 | 93.56 | 56.15 | 83.63 |
[162/1010] 	| 73.75 | 94.19 | 55.56 | 83.43 |
[163/1010] 	| 71.93 | 93.45 | 58.33 | 85.02 |
[164/1010] 	| 73.65 | 94.28 | 56.05 | 83.23 |
[165/1010] 	| 73.64 | 93.99 | 56.15 | 84.62 |
[166/1010] 	| 71.98 | 93.64 | 56.35 | 85.71 |
[167/1010] 	| 72.72 | 93.77 | 57.64 | 85.62 |
[168/1010] 	| 74.22 | 94.47 | 56.05 | 83.93 |
[169/1010] 	| 73.60 | 94.32 | 53.08 | 81.85 |
[170/1010] 	| 74.41 | 94.55 | 59.72 | 85.02 |
[171/1010] 	| 72.90 | 93.83 | 56.15 | 84.13 |
[172/1010] 	| 72.10 | 93.76 | 57.54 | 84.33 |
[173/1010] 	| 74.86 | 94.38 | 58.43 | 85.81 |
[174/1010] 	| 74.07 | 94.52 | 55.26 | 84.52 |
[175/1010] 	| 73.84 | 94.48 | 58.23 | 86.41 |
[176/1010] 	| 73.80 | 94.70 | 58.13 | 85.42 |
[177/1010] 	| 72.63 | 93.62 | 57.84 | 85.02 |
[178/1010] 	| 75.01 | 94.78 | 56.45 | 85.32 |
[179/1010] 	| 74.39 | 94.16 | 59.03 | 86.01 |
[180/1010] 	| 74.43 | 94.44 | 56.65 | 83.13 |
[181/1010] 	| 75.12 | 94.70 | 59.52 | 84.92 |
[182/1010] 	| 76.18 | 95.44 | 58.73 | 86.21 |
[183/1010] 	| 75.26 | 95.37 | 58.43 | 84.13 |
[184/1010] 	| 75.41 | 94.96 | 57.84 | 83.83 |
[185/1010] 	| 73.85 | 94.65 | 60.32 | 85.71 |
[186/1010] 	| 74.50 | 94.81 | 56.75 | 86.21 |
[187/1010] 	| 76.94 | 95.44 | 57.84 | 84.72 |
[188/1010] 	| 77.02 | 95.51 | 62.00 | 85.52 |
[189/1010] 	| 77.46 | 95.26 | 56.94 | 84.82 |
[190/1010] 	| 75.42 | 94.90 | 59.62 | 86.21 |
[191/1010] 	| 77.01 | 95.71 | 60.32 | 86.11 |
[192/1010] 	| 76.08 | 95.03 | 59.23 | 86.81 |
[193/1010] 	| 77.04 | 95.17 | 57.84 | 85.02 |
[194/1010] 	| 75.90 | 95.30 | 60.22 | 86.41 |
[195/1010] 	| 76.36 | 95.08 | 59.82 | 85.71 |
[196/1010] 	| 76.67 | 95.32 | 60.32 | 86.11 |
[197/1010] 	| 77.32 | 95.44 | 56.94 | 84.92 |
[198/1010] 	| 76.16 | 94.47 | 57.74 | 84.52 |
[199/1010] 	| 76.67 | 94.92 | 59.03 | 85.02 |
[200/1010] 	| 76.81 | 95.15 | 57.44 | 84.62 |
[201/1010] 	| 77.39 | 95.69 | 59.42 | 84.82 |
[202/1010] 	| 77.99 | 96.03 | 58.23 | 85.42 |
[203/1010] 	| 77.74 | 95.34 | 59.23 | 84.72 |
[204/1010] 	| 75.93 | 94.82 | 58.04 | 86.11 |
[205/1010] 	| 78.65 | 95.89 | 58.23 | 84.42 |
[206/1010] 	| 77.96 | 95.90 | 60.22 | 85.22 |
[207/1010] 	| 78.11 | 95.71 | 61.51 | 86.11 |
[208/1010] 	| 76.36 | 95.38 | 61.31 | 86.81 |
[209/1010] 	| 77.21 | 95.38 | 59.13 | 84.62 |
[210/1010] 	| 79.17 | 96.12 | 60.71 | 86.21 |
[211/1010] 	| 77.44 | 95.36 | 60.32 | 87.40 |
[212/1010] 	| 79.21 | 95.96 | 60.71 | 87.30 |
[213/1010] 	| 79.39 | 96.10 | 60.12 | 86.71 |
[214/1010] 	| 79.19 | 96.13 | 62.00 | 86.01 |
[215/1010] 	| 77.80 | 95.86 | 60.12 | 86.81 |
[216/1010] 	| 77.91 | 95.52 | 56.35 | 84.13 |
[217/1010] 	| 78.93 | 95.90 | 60.22 | 85.02 |
[218/1010] 	| 79.46 | 96.36 | 61.11 | 87.50 |
[219/1010] 	| 79.50 | 96.39 | 61.81 | 86.31 |
[220/1010] 	| 78.83 | 96.22 | 61.90 | 87.40 |
[221/1010] 	| 78.96 | 96.04 | 60.81 | 86.90 |
[222/1010] 	| 81.06 | 96.62 | 60.81 | 86.90 |
[223/1010] 	| 80.02 | 96.49 | 60.62 | 86.41 |
[224/1010] 	| 77.39 | 95.46 | 60.62 | 85.81 |
[225/1010] 	| 79.62 | 95.86 | 62.80 | 87.50 |
[226/1010] 	| 81.01 | 96.50 | 63.10 | 85.32 |
[227/1010] 	| 78.73 | 95.91 | 59.33 | 86.61 |
[228/1010] 	| 80.79 | 96.71 | 61.61 | 86.81 |
[229/1010] 	| 81.25 | 96.64 | 63.19 | 86.71 |
[230/1010] 	| 80.75 | 96.89 | 57.74 | 85.81 |
[231/1010] 	| 79.52 | 96.44 | 60.52 | 86.61 |
[232/1010] 	| 80.25 | 96.27 | 60.32 | 86.61 |
[233/1010] 	| 78.78 | 96.32 | 60.81 | 87.10 |
[234/1010] 	| 80.22 | 96.64 | 62.70 | 88.29 |
[235/1010] 	| 81.46 | 97.18 | 62.20 | 85.91 |
[236/1010] 	| 81.71 | 96.75 | 62.40 | 88.59 |
[237/1010] 	| 80.99 | 96.89 | 61.51 | 86.51 |
[238/1010] 	| 80.79 | 96.65 | 61.31 | 86.01 |
[239/1010] 	| 80.52 | 96.57 | 62.30 | 87.30 |
[240/1010] 	| 81.52 | 96.84 | 64.09 | 87.60 |
[241/1010] 	| 80.63 | 96.44 | 61.11 | 87.00 |
[242/1010] 	| 81.04 | 96.84 | 63.29 | 87.20 |
[243/1010] 	| 80.91 | 96.73 | 62.30 | 87.10 |
[244/1010] 	| 80.32 | 96.50 | 61.61 | 86.90 |
[245/1010] 	| 80.64 | 97.04 | 59.72 | 87.30 |
[246/1010] 	| 82.00 | 97.35 | 61.51 | 87.10 |
[247/1010] 	| 82.42 | 97.10 | 62.80 | 87.80 |
[248/1010] 	| 81.52 | 96.93 | 63.00 | 87.90 |
[249/1010] 	| 79.90 | 96.82 | 62.70 | 87.80 |
[250/1010] 	| 82.92 | 97.10 | 63.29 | 87.60 |
[251/1010] 	| 82.82 | 97.23 | 62.20 | 85.52 |
[252/1010] 	| 82.48 | 97.20 | 61.31 | 86.81 |
[253/1010] 	| 82.48 | 96.94 | 62.50 | 85.81 |
[254/1010] 	| 81.37 | 97.05 | 62.60 | 87.70 |
[255/1010] 	| 81.17 | 96.70 | 62.10 | 87.60 |
[256/1010] 	| 83.61 | 97.30 | 59.03 | 86.21 |
[257/1010] 	| 81.18 | 96.82 | 61.51 | 86.41 |
[258/1010] 	| 83.35 | 97.22 | 60.62 | 85.02 |
[259/1010] 	| 82.76 | 97.24 | 63.99 | 88.89 |
[260/1010] 	| 83.63 | 97.13 | 63.59 | 86.81 |
[261/1010] 	| 83.42 | 97.24 | 63.59 | 88.00 |
[262/1010] 	| 83.90 | 97.34 | 63.89 | 88.79 |
[263/1010] 	| 83.87 | 97.35 | 61.71 | 87.50 |
[264/1010] 	| 83.91 | 97.32 | 61.51 | 88.39 |
[265/1010] 	| 83.46 | 97.23 | 62.60 | 87.60 |
[266/1010] 	| 83.46 | 97.32 | 62.80 | 88.89 |
[267/1010] 	| 84.13 | 97.36 | 63.79 | 87.40 |
[268/1010] 	| 81.93 | 97.06 | 61.71 | 87.70 |
[269/1010] 	| 83.73 | 97.36 | 60.71 | 87.40 |
[270/1010] 	| 82.61 | 96.98 | 62.30 | 87.50 |
[271/1010] 	| 84.85 | 97.59 | 61.71 | 85.71 |
[272/1010] 	| 84.20 | 97.70 | 64.88 | 89.38 |
[273/1010] 	| 84.38 | 97.61 | 62.60 | 87.60 |
[274/1010] 	| 83.20 | 97.22 | 62.90 | 89.38 |
[275/1010] 	| 85.22 | 97.72 | 66.07 | 88.39 |
[276/1010] 	| 84.20 | 97.52 | 62.60 | 88.10 |
[277/1010] 	| 84.48 | 97.64 | 62.80 | 86.71 |
[278/1010] 	| 84.66 | 97.36 | 64.29 | 88.00 |
[279/1010] 	| 84.90 | 97.79 | 61.61 | 87.90 |
[280/1010] 	| 83.64 | 97.45 | 62.80 | 88.10 |
[281/1010] 	| 83.76 | 97.12 | 59.92 | 86.71 |
[282/1010] 	| 84.33 | 97.29 | 65.38 | 87.80 |
[283/1010] 	| 86.15 | 97.98 | 63.99 | 87.30 |
[284/1010] 	| 85.26 | 97.83 | 62.30 | 88.49 |
[285/1010] 	| 85.11 | 97.75 | 62.10 | 85.71 |
[286/1010] 	| 84.74 | 97.78 | 60.81 | 87.80 |
[287/1010] 	| 83.51 | 97.34 | 62.20 | 87.30 |
[288/1010] 	| 85.12 | 97.74 | 62.30 | 86.90 |
[289/1010] 	| 86.29 | 98.06 | 65.77 | 86.71 |
[290/1010] 	| 84.90 | 97.86 | 60.91 | 86.61 |
[291/1010] 	| 84.53 | 97.66 | 63.39 | 87.60 |
[292/1010] 	| 86.54 | 98.25 | 63.59 | 87.10 |
[293/1010] 	| 85.51 | 97.86 | 63.19 | 86.51 |
[294/1010] 	| 86.53 | 98.15 | 63.59 | 88.29 |
[295/1010] 	| 85.31 | 97.92 | 61.71 | 86.51 |
[296/1010] 	| 86.21 | 98.10 | 64.19 | 88.39 |
[297/1010] 	| 86.01 | 97.93 | 62.30 | 87.60 |
[298/1010] 	| 85.91 | 97.93 | 63.99 | 88.59 |
[299/1010] 	| 87.03 | 98.13 | 63.19 | 86.31 |
[300/1010] 	| 85.87 | 97.79 | 62.70 | 87.70 |
[301/1010] 	| 86.81 | 98.05 | 64.78 | 87.50 |
[302/1010] 	| 85.35 | 97.70 | 65.77 | 88.59 |
[303/1010] 	| 86.89 | 98.41 | 63.99 | 87.00 |
[304/1010] 	| 88.31 | 98.39 | 62.20 | 86.71 |
[305/1010] 	| 87.42 | 98.18 | 66.27 | 88.19 |
[306/1010] 	| 85.32 | 97.93 | 61.61 | 87.20 |
[307/1010] 	| 86.53 | 98.24 | 62.20 | 87.50 |
[308/1010] 	| 86.14 | 97.93 | 62.70 | 86.81 |
[309/1010] 	| 87.88 | 98.21 | 63.89 | 87.00 |
[310/1010] 	| 86.53 | 98.08 | 65.97 | 88.19 |
[311/1010] 	| 84.78 | 97.72 | 63.29 | 87.60 |
[312/1010] 	| 87.20 | 98.30 | 62.50 | 89.09 |
[313/1010] 	| 87.34 | 98.24 | 61.81 | 88.29 |
[314/1010] 	| 86.99 | 98.34 | 63.89 | 88.29 |
[315/1010] 	| 87.42 | 98.42 | 62.40 | 87.00 |
[316/1010] 	| 87.58 | 98.32 | 64.09 | 88.39 |
[317/1010] 	| 88.59 | 98.44 | 65.67 | 87.60 |
[318/1010] 	| 86.73 | 98.32 | 62.30 | 87.30 |
[319/1010] 	| 87.19 | 98.23 | 64.88 | 87.90 |
[320/1010] 	| 87.47 | 98.24 | 64.29 | 88.29 |
[321/1010] 	| 87.43 | 98.14 | 61.41 | 87.10 |
[322/1010] 	| 87.36 | 98.33 | 63.49 | 88.49 |
[323/1010] 	| 88.56 | 98.50 | 63.69 | 88.69 |
[324/1010] 	| 88.10 | 98.50 | 63.39 | 87.70 |
[325/1010] 	| 88.06 | 98.45 | 67.06 | 89.58 |
[326/1010] 	| 87.63 | 98.27 | 65.18 | 89.78 |
[327/1010] 	| 87.13 | 98.14 | 63.29 | 87.30 |
[328/1010] 	| 88.55 | 98.37 | 64.68 | 88.00 |
[329/1010] 	| 86.77 | 98.04 | 66.77 | 87.10 |
[330/1010] 	| 88.35 | 98.41 | 65.38 | 88.69 |
[331/1010] 	| 88.38 | 98.40 | 61.90 | 88.19 |
[332/1010] 	| 88.20 | 98.37 | 63.49 | 87.30 |
[333/1010] 	| 88.02 | 98.63 | 62.70 | 86.51 |
[334/1010] 	| 88.79 | 98.34 | 63.69 | 87.10 |
[335/1010] 	| 87.28 | 98.14 | 63.89 | 88.10 |
[336/1010] 	| 88.78 | 98.57 | 64.48 | 88.19 |
[337/1010] 	| 88.58 | 98.47 | 64.29 | 88.19 |
[338/1010] 	| 89.01 | 98.54 | 62.70 | 88.00 |
[339/1010] 	| 88.20 | 98.41 | 62.40 | 87.00 |
[340/1010] 	| 88.75 | 98.51 | 63.69 | 88.19 |
[341/1010] 	| 87.87 | 98.18 | 64.29 | 88.00 |
[342/1010] 	| 88.92 | 98.58 | 64.78 | 88.19 |
[343/1010] 	| 89.05 | 98.39 | 65.18 | 88.49 |
[344/1010] 	| 88.07 | 98.52 | 61.90 | 87.20 |
[345/1010] 	| 88.27 | 98.40 | 63.39 | 87.80 |
[346/1010] 	| 88.18 | 98.55 | 62.60 | 85.91 |
[347/1010] 	| 88.57 | 98.52 | 67.66 | 88.10 |
[348/1010] 	| 88.46 | 98.57 | 62.70 | 87.40 |
[349/1010] 	| 88.31 | 98.39 | 65.08 | 87.80 |
[350/1010] 	| 88.79 | 98.74 | 62.10 | 87.20 |
[351/1010] 	| 89.42 | 98.63 | 65.08 | 87.10 |
[352/1010] 	| 88.90 | 98.55 | 63.49 | 87.10 |
[353/1010] 	| 89.48 | 98.62 | 65.18 | 87.90 |
[354/1010] 	| 88.42 | 98.57 | 64.58 | 88.39 |
[355/1010] 	| 88.82 | 98.63 | 63.79 | 87.70 |
[356/1010] 	| 90.00 | 98.89 | 63.69 | 88.89 |
[357/1010] 	| 88.62 | 98.51 | 65.87 | 87.60 |
[358/1010] 	| 88.67 | 98.60 | 63.29 | 87.60 |
[359/1010] 	| 88.60 | 98.34 | 63.29 | 88.29 |
[360/1010] 	| 88.81 | 98.49 | 62.90 | 87.60 |
[361/1010] 	| 88.86 | 98.41 | 64.19 | 88.29 |
[362/1010] 	| 88.82 | 98.47 | 63.69 | 88.29 |
[363/1010] 	| 89.36 | 98.53 | 63.79 | 87.90 |
[364/1010] 	| 89.29 | 98.54 | 65.28 | 88.79 |
[365/1010] 	| 88.80 | 98.68 | 65.08 | 88.39 |
[366/1010] 	| 89.37 | 98.78 | 64.98 | 88.10 |
[367/1010] 	| 88.27 | 98.21 | 62.70 | 87.90 |
[368/1010] 	| 89.51 | 98.82 | 63.99 | 86.61 |
[369/1010] 	| 89.52 | 98.59 | 65.08 | 88.00 |
[370/1010] 	| 89.42 | 98.62 | 62.50 | 87.80 |
[371/1010] 	| 89.52 | 98.68 | 64.78 | 89.48 |
[372/1010] 	| 89.69 | 98.74 | 63.89 | 88.59 |
[373/1010] 	| 90.47 | 98.70 | 61.51 | 88.59 |
[374/1010] 	| 90.04 | 98.72 | 65.18 | 87.40 |
[375/1010] 	| 89.46 | 98.75 | 65.38 | 88.99 |
[376/1010] 	| 89.30 | 98.51 | 66.27 | 87.70 |
[377/1010] 	| 89.99 | 98.78 | 63.79 | 86.71 |
[378/1010] 	| 89.47 | 98.73 | 64.78 | 87.40 |
[379/1010] 	| 90.16 | 98.69 | 65.48 | 88.49 |
[380/1010] 	| 90.06 | 98.58 | 66.57 | 89.58 |
[381/1010] 	| 90.09 | 98.69 | 65.08 | 87.30 |
[382/1010] 	| 90.19 | 98.87 | 64.19 | 87.80 |
[383/1010] 	| 89.65 | 98.59 | 66.07 | 86.90 |
[384/1010] 	| 90.20 | 98.80 | 65.97 | 88.10 |
[385/1010] 	| 89.80 | 98.65 | 63.89 | 88.79 |
[386/1010] 	| 90.52 | 98.89 | 63.29 | 88.69 |
[387/1010] 	| 89.70 | 98.74 | 62.70 | 88.10 |
[388/1010] 	| 90.20 | 98.80 | 64.19 | 87.70 |
[389/1010] 	| 89.35 | 98.78 | 65.67 | 86.11 |
[390/1010] 	| 89.52 | 98.65 | 65.28 | 87.40 |
[391/1010] 	| 89.94 | 98.79 | 63.69 | 87.50 |
[392/1010] 	| 90.29 | 98.84 | 62.80 | 89.48 |
[393/1010] 	| 90.01 | 98.63 | 63.39 | 86.61 |
[394/1010] 	| 91.25 | 99.01 | 62.70 | 87.10 |
[395/1010] 	| 90.66 | 98.93 | 64.38 | 88.49 |
[396/1010] 	| 89.62 | 98.69 | 63.49 | 88.00 |
[397/1010] 	| 90.61 | 99.01 | 63.59 | 87.20 |
[398/1010] 	| 90.49 | 98.82 | 63.59 | 86.31 |
[399/1010] 	| 90.55 | 98.79 | 66.27 | 88.49 |
[400/1010] 	| 91.18 | 98.98 | 63.99 | 89.09 |
[401/1010] 	| 90.93 | 98.89 | 63.79 | 88.29 |
[402/1010] 	| 89.98 | 98.81 | 64.09 | 88.89 |
[403/1010] 	| 90.08 | 98.85 | 64.48 | 88.49 |
[404/1010] 	| 89.71 | 98.61 | 62.80 | 86.71 |
[405/1010] 	| 91.83 | 99.07 | 65.38 | 88.99 |
[406/1010] 	| 90.70 | 98.93 | 63.89 | 87.90 |
[407/1010] 	| 91.94 | 99.11 | 64.58 | 88.00 |
[408/1010] 	| 90.04 | 99.01 | 63.89 | 88.00 |
[409/1010] 	| 90.93 | 98.92 | 64.88 | 87.60 |
[410/1010] 	| 91.99 | 98.95 | 64.09 | 88.39 |
[411/1010] 	| 90.98 | 98.85 | 64.98 | 86.61 |
[412/1010] 	| 90.79 | 99.02 | 62.30 | 88.29 |
[413/1010] 	| 90.69 | 98.94 | 64.88 | 86.90 |
[414/1010] 	| 91.45 | 98.98 | 63.99 | 87.70 |
[415/1010] 	| 90.87 | 98.73 | 65.97 | 88.39 |
[416/1010] 	| 90.97 | 98.82 | 66.17 | 88.29 |
[417/1010] 	| 90.86 | 98.80 | 64.29 | 87.80 |
[418/1010] 	| 91.06 | 98.95 | 64.38 | 86.41 |
[419/1010] 	| 92.00 | 99.15 | 62.80 | 89.09 |
[420/1010] 	| 91.61 | 99.11 | 66.67 | 88.00 |
[421/1010] 	| 91.89 | 99.01 | 62.40 | 87.30 |
[422/1010] 	| 91.07 | 98.94 | 65.28 | 87.80 |
[423/1010] 	| 91.09 | 98.90 | 64.48 | 87.80 |
[424/1010] 	| 91.26 | 99.14 | 64.29 | 87.40 |
[425/1010] 	| 91.06 | 98.98 | 64.38 | 87.00 |
[426/1010] 	| 92.07 | 99.35 | 66.47 | 88.29 |
[427/1010] 	| 90.79 | 98.98 | 66.17 | 87.10 |
[428/1010] 	| 92.02 | 99.13 | 63.49 | 88.89 |
[429/1010] 	| 91.76 | 99.03 | 63.79 | 85.81 |
[430/1010] 	| 91.21 | 98.90 | 63.19 | 87.50 |
[431/1010] 	| 91.63 | 98.98 | 63.89 | 87.30 |
[432/1010] 	| 91.36 | 98.95 | 64.19 | 88.39 |
[433/1010] 	| 91.43 | 99.01 | 62.90 | 88.69 |
[434/1010] 	| 92.43 | 99.10 | 63.59 | 87.50 |
[435/1010] 	| 91.24 | 99.05 | 63.79 | 87.30 |
[436/1010] 	| 91.85 | 98.93 | 62.40 | 87.20 |
[437/1010] 	| 91.50 | 99.12 | 63.69 | 86.61 |
[438/1010] 	| 91.45 | 99.27 | 60.91 | 87.40 |
[439/1010] 	| 92.55 | 99.19 | 65.08 | 86.90 |
[440/1010] 	| 91.84 | 99.21 | 65.08 | 86.61 |
[441/1010] 	| 92.15 | 99.25 | 65.67 | 88.59 |
[442/1010] 	| 91.76 | 99.07 | 65.77 | 89.29 |
[443/1010] 	| 91.56 | 99.15 | 64.58 | 88.19 |
[444/1010] 	| 92.23 | 99.12 | 64.19 | 87.60 |
[445/1010] 	| 91.28 | 99.14 | 65.18 | 89.38 |
[446/1010] 	| 92.35 | 99.23 | 65.08 | 88.59 |
[447/1010] 	| 91.46 | 99.05 | 62.60 | 88.10 |
[448/1010] 	| 92.14 | 99.07 | 62.80 | 86.51 |
[449/1010] 	| 91.83 | 99.12 | 65.58 | 87.80 |
[450/1010] 	| 93.12 | 99.30 | 64.29 | 87.40 |
[451/1010] 	| 91.18 | 98.88 | 63.79 | 88.89 |
[452/1010] 	| 92.20 | 99.19 | 64.09 | 88.59 |
[453/1010] 	| 92.38 | 99.24 | 65.18 | 87.90 |
[454/1010] 	| 91.47 | 99.07 | 64.58 | 87.80 |
[455/1010] 	| 93.24 | 99.18 | 65.28 | 85.71 |
[456/1010] 	| 92.32 | 99.15 | 64.29 | 88.39 |
[457/1010] 	| 91.13 | 98.95 | 64.09 | 88.19 |
[458/1010] 	| 91.86 | 99.10 | 62.60 | 88.69 |
[459/1010] 	| 92.86 | 99.00 | 62.60 | 88.49 |
[460/1010] 	| 92.43 | 99.29 | 63.79 | 86.41 |
[461/1010] 	| 91.89 | 99.17 | 64.09 | 88.69 |
[462/1010] 	| 91.55 | 99.01 | 65.38 | 88.39 |
[463/1010] 	| 91.69 | 98.94 | 64.88 | 88.89 |
[464/1010] 	| 93.27 | 99.28 | 61.71 | 88.10 |
[465/1010] 	| 92.10 | 99.08 | 63.39 | 87.40 |
[466/1010] 	| 93.13 | 99.28 | 65.18 | 87.70 |
[467/1010] 	| 91.67 | 99.25 | 65.97 | 87.90 |
[468/1010] 	| 93.15 | 99.29 | 63.59 | 87.90 |
[469/1010] 	| 92.38 | 99.01 | 61.21 | 88.00 |
[470/1010] 	| 92.78 | 99.24 | 66.37 | 89.98 |
[471/1010] 	| 92.46 | 99.20 | 65.97 | 87.70 |
[472/1010] 	| 92.55 | 99.03 | 65.18 | 87.80 |
[473/1010] 	| 92.37 | 99.12 | 63.79 | 88.49 |
[474/1010] 	| 92.55 | 99.28 | 67.26 | 88.00 |
[475/1010] 	| 93.02 | 99.34 | 65.87 | 88.29 |
[476/1010] 	| 92.86 | 99.30 | 63.69 | 87.20 |
[477/1010] 	| 92.42 | 99.20 | 63.39 | 86.31 |
[478/1010] 	| 92.63 | 99.20 | 64.58 | 88.39 |
[479/1010] 	| 93.00 | 99.18 | 63.19 | 87.00 |
[480/1010] 	| 92.39 | 99.19 | 65.77 | 88.69 |
[481/1010] 	| 93.13 | 99.39 | 66.17 | 86.51 |
[482/1010] 	| 92.40 | 99.11 | 64.29 | 88.19 |
[483/1010] 	| 92.85 | 99.19 | 63.79 | 88.39 |
[484/1010] 	| 93.86 | 99.33 | 63.39 | 86.71 |
[485/1010] 	| 93.55 | 99.41 | 65.18 | 87.50 |
[486/1010] 	| 92.93 | 99.13 | 66.07 | 88.79 |
[487/1010] 	| 93.02 | 99.07 | 65.48 | 88.10 |
[488/1010] 	| 92.75 | 99.27 | 65.97 | 89.19 |
[489/1010] 	| 92.76 | 99.24 | 65.48 | 87.70 |
[490/1010] 	| 92.85 | 99.21 | 67.46 | 87.90 |
[491/1010] 	| 92.19 | 99.11 | 66.17 | 88.69 |
[492/1010] 	| 92.63 | 99.37 | 63.19 | 86.71 |
[493/1010] 	| 92.92 | 99.19 | 64.98 | 89.09 |
[494/1010] 	| 93.53 | 99.42 | 65.28 | 88.49 |
[495/1010] 	| 93.17 | 99.27 | 65.87 | 88.99 |
[496/1010] 	| 93.10 | 99.38 | 63.49 | 86.90 |
[497/1010] 	| 92.84 | 99.34 | 65.38 | 89.29 |
[498/1010] 	| 93.35 | 99.31 | 65.18 | 87.80 |
[499/1010] 	| 92.88 | 99.22 | 64.98 | 88.29 |
[500/1010] 	| 94.01 | 99.42 | 63.49 | 89.09 |
[501/1010] 	| 93.27 | 99.30 | 65.08 | 88.79 |
[502/1010] 	| 93.19 | 99.15 | 63.59 | 87.80 |
[503/1010] 	| 93.85 | 99.29 | 64.48 | 88.10 |
[504/1010] 	| 94.25 | 99.25 | 62.90 | 88.29 |
[505/1010] 	| 93.22 | 99.29 | 64.78 | 89.68 |
[506/1010] 	| 92.74 | 99.22 | 62.10 | 88.49 |
[507/1010] 	| 93.59 | 99.24 | 64.09 | 86.71 |
[508/1010] 	| 93.77 | 99.37 | 65.67 | 89.78 |
[509/1010] 	| 93.21 | 99.24 | 65.48 | 88.89 |
[510/1010] 	| 93.13 | 99.27 | 64.98 | 88.99 |
[511/1010] 	| 93.27 | 99.40 | 63.59 | 85.81 |
[512/1010] 	| 93.37 | 99.29 | 63.00 | 87.80 |
[513/1010] 	| 93.93 | 99.21 | 64.19 | 89.09 |
[514/1010] 	| 94.44 | 99.48 | 63.29 | 86.71 |
[515/1010] 	| 93.63 | 99.48 | 64.29 | 88.19 |
[516/1010] 	| 93.28 | 99.25 | 65.97 | 87.90 |
[517/1010] 	| 93.63 | 99.41 | 64.68 | 88.79 |
[518/1010] 	| 93.55 | 99.37 | 64.88 | 87.50 |
[519/1010] 	| 93.86 | 99.28 | 61.41 | 87.40 |
[520/1010] 	| 93.26 | 99.28 | 65.67 | 88.10 |
[521/1010] 	| 92.96 | 99.39 | 65.18 | 88.39 |
[522/1010] 	| 93.98 | 99.23 | 65.08 | 87.80 |
[523/1010] 	| 93.47 | 99.34 | 65.18 | 86.31 |
[524/1010] 	| 94.19 | 99.42 | 63.99 | 87.50 |
[525/1010] 	| 93.47 | 99.18 | 63.69 | 88.89 |
[526/1010] 	| 94.63 | 99.50 | 66.57 | 88.79 |
[527/1010] 	| 93.79 | 99.34 | 63.69 | 87.20 |
[528/1010] 	| 93.27 | 99.30 | 66.37 | 87.00 |
[529/1010] 	| 93.85 | 99.29 | 67.26 | 88.39 |
[530/1010] 	| 93.98 | 99.41 | 64.68 | 89.09 |
[531/1010] 	| 93.64 | 99.25 | 63.49 | 89.58 |
[532/1010] 	| 93.74 | 99.43 | 65.77 | 88.29 |
[533/1010] 	| 94.38 | 99.52 | 65.28 | 88.69 |
[534/1010] 	| 94.01 | 99.34 | 65.08 | 88.29 |
[535/1010] 	| 93.91 | 99.35 | 66.47 | 88.69 |
[536/1010] 	| 93.39 | 99.30 | 66.27 | 90.28 |
[537/1010] 	| 94.41 | 99.30 | 63.59 | 88.00 |
[538/1010] 	| 93.81 | 99.42 | 64.98 | 88.10 |
[539/1010] 	| 94.80 | 99.43 | 65.48 | 88.49 |
[540/1010] 	| 94.22 | 99.34 | 64.09 | 88.99 |
[541/1010] 	| 93.96 | 99.48 | 66.47 | 87.70 |
[542/1010] 	| 94.14 | 99.38 | 66.07 | 88.39 |
[543/1010] 	| 94.75 | 99.41 | 64.58 | 87.90 |
[544/1010] 	| 94.84 | 99.52 | 66.47 | 86.81 |
[545/1010] 	| 94.33 | 99.41 | 64.38 | 88.39 |
[546/1010] 	| 94.54 | 99.44 | 68.15 | 89.09 |
[547/1010] 	| 94.53 | 99.50 | 64.09 | 87.90 |
[548/1010] 	| 93.85 | 99.37 | 64.78 | 88.49 |
[549/1010] 	| 95.05 | 99.52 | 67.16 | 90.38 |
[550/1010] 	| 93.92 | 99.43 | 65.67 | 87.60 |
[551/1010] 	| 94.45 | 99.52 | 63.89 | 86.81 |
[552/1010] 	| 94.27 | 99.27 | 65.08 | 88.49 |
[553/1010] 	| 95.70 | 99.61 | 65.77 | 88.99 |
[554/1010] 	| 94.41 | 99.34 | 65.97 | 88.99 |
[555/1010] 	| 95.20 | 99.42 | 65.38 | 87.80 |
[556/1010] 	| 93.65 | 99.39 | 63.59 | 87.80 |
[557/1010] 	| 94.93 | 99.41 | 65.48 | 87.40 |
[558/1010] 	| 94.67 | 99.43 | 64.09 | 89.48 |
[559/1010] 	| 95.73 | 99.62 | 66.07 | 88.00 |
[560/1010] 	| 93.83 | 99.46 | 63.19 | 86.21 |
[561/1010] 	| 94.75 | 99.40 | 65.58 | 88.39 |
[562/1010] 	| 95.06 | 99.48 | 64.38 | 87.10 |
[563/1010] 	| 94.94 | 99.38 | 64.09 | 88.19 |
[564/1010] 	| 95.02 | 99.53 | 67.16 | 87.10 |
[565/1010] 	| 94.31 | 99.39 | 63.89 | 88.89 |
[566/1010] 	| 94.95 | 99.40 | 63.19 | 87.10 |
[567/1010] 	| 94.75 | 99.50 | 64.48 | 87.90 |
[568/1010] 	| 95.40 | 99.60 | 64.78 | 87.70 |
[569/1010] 	| 94.97 | 99.50 | 64.19 | 86.81 |
[570/1010] 	| 94.97 | 99.38 | 65.28 | 87.50 |
[571/1010] 	| 95.40 | 99.57 | 66.47 | 87.80 |
[572/1010] 	| 95.37 | 99.62 | 63.59 | 87.10 |
[573/1010] 	| 95.08 | 99.60 | 65.67 | 86.71 |
[574/1010] 	| 95.01 | 99.53 | 65.97 | 88.69 |
[575/1010] 	| 94.85 | 99.56 | 65.18 | 86.41 |
[576/1010] 	| 94.68 | 99.58 | 64.88 | 87.80 |
[577/1010] 	| 94.87 | 99.50 | 63.69 | 88.19 |
[578/1010] 	| 95.25 | 99.59 | 64.09 | 86.21 |
[579/1010] 	| 95.32 | 99.60 | 64.38 | 88.19 |
[580/1010] 	| 94.66 | 99.33 | 64.38 | 87.10 |
[581/1010] 	| 94.74 | 99.66 | 62.90 | 88.59 |
[582/1010] 	| 95.21 | 99.61 | 63.79 | 88.39 |
[583/1010] 	| 95.51 | 99.59 | 64.58 | 86.21 |
[584/1010] 	| 95.00 | 99.56 | 65.67 | 88.00 |
[585/1010] 	| 95.38 | 99.56 | 64.98 | 88.69 |
[586/1010] 	| 95.54 | 99.44 | 64.38 | 88.19 |
[587/1010] 	| 95.36 | 99.71 | 61.81 | 87.50 |
[588/1010] 	| 95.70 | 99.58 | 62.30 | 88.29 |
[589/1010] 	| 95.42 | 99.60 | 63.19 | 88.99 |
[590/1010] 	| 95.23 | 99.43 | 65.48 | 89.48 |
[591/1010] 	| 95.69 | 99.64 | 66.47 | 88.39 |
[592/1010] 	| 95.86 | 99.62 | 63.39 | 87.40 |
[593/1010] 	| 95.72 | 99.54 | 66.67 | 86.90 |
[594/1010] 	| 95.34 | 99.61 | 66.57 | 87.30 |
[595/1010] 	| 95.46 | 99.61 | 66.27 | 87.20 |
[596/1010] 	| 95.24 | 99.48 | 64.88 | 87.80 |
[597/1010] 	| 95.50 | 99.43 | 63.49 | 88.19 |
[598/1010] 	| 95.89 | 99.68 | 64.78 | 87.80 |
[599/1010] 	| 95.65 | 99.59 | 62.50 | 87.70 |
[600/1010] 	| 95.47 | 99.59 | 63.69 | 88.19 |
[601/1010] 	| 96.23 | 99.60 | 65.87 | 87.80 |
[602/1010] 	| 96.05 | 99.50 | 65.18 | 86.71 |
[603/1010] 	| 95.47 | 99.60 | 64.88 | 87.20 |
[604/1010] 	| 95.82 | 99.71 | 66.87 | 88.49 |
[605/1010] 	| 95.95 | 99.53 | 63.99 | 87.30 |
[606/1010] 	| 95.42 | 99.69 | 64.48 | 89.19 |
[607/1010] 	| 95.26 | 99.67 | 63.49 | 88.69 |
[608/1010] 	| 96.02 | 99.63 | 63.89 | 87.60 |
[609/1010] 	| 95.69 | 99.66 | 66.17 | 87.30 |
[610/1010] 	| 95.50 | 99.66 | 64.29 | 88.69 |
[611/1010] 	| 96.24 | 99.78 | 64.78 | 88.59 |
[612/1010] 	| 95.89 | 99.63 | 61.31 | 87.50 |
[613/1010] 	| 95.52 | 99.56 | 66.27 | 88.00 |
[614/1010] 	| 95.97 | 99.76 | 65.28 | 88.69 |
[615/1010] 	| 95.27 | 99.42 | 64.38 | 89.38 |
[616/1010] 	| 96.09 | 99.73 | 65.48 | 86.81 |
[617/1010] 	| 96.60 | 99.73 | 65.38 | 89.48 |
[618/1010] 	| 96.14 | 99.58 | 64.48 | 88.10 |
[619/1010] 	| 95.80 | 99.61 | 67.46 | 88.59 |
[620/1010] 	| 95.65 | 99.68 | 66.17 | 87.40 |
[621/1010] 	| 95.87 | 99.62 | 64.78 | 88.99 |
[622/1010] 	| 96.22 | 99.62 | 66.67 | 88.39 |
[623/1010] 	| 96.27 | 99.72 | 66.07 | 88.29 |
[624/1010] 	| 96.05 | 99.66 | 64.68 | 86.61 |
[625/1010] 	| 96.12 | 99.67 | 63.99 | 88.69 |
[626/1010] 	| 96.10 | 99.67 | 64.98 | 88.99 |
[627/1010] 	| 95.95 | 99.66 | 66.27 | 89.09 |
[628/1010] 	| 95.90 | 99.63 | 65.58 | 88.19 |
[629/1010] 	| 96.39 | 99.70 | 65.38 | 88.89 |
[630/1010] 	| 96.36 | 99.72 | 67.06 | 89.29 |
[631/1010] 	| 96.22 | 99.71 | 63.19 | 87.60 |
[632/1010] 	| 95.77 | 99.56 | 65.67 | 87.60 |
[633/1010] 	| 96.26 | 99.57 | 65.67 | 87.60 |
[634/1010] 	| 96.89 | 99.68 | 65.08 | 89.38 |
[635/1010] 	| 96.27 | 99.71 | 64.78 | 87.60 |
[636/1010] 	| 96.37 | 99.74 | 65.18 | 89.09 |
[637/1010] 	| 96.01 | 99.71 | 64.09 | 87.10 |
[638/1010] 	| 96.30 | 99.57 | 66.37 | 87.90 |
[639/1010] 	| 96.30 | 99.70 | 66.37 | 88.99 |
[640/1010] 	| 96.25 | 99.66 | 64.48 | 88.49 |
[641/1010] 	| 96.44 | 99.52 | 64.38 | 88.69 |
[642/1010] 	| 96.65 | 99.76 | 66.07 | 87.30 |
[643/1010] 	| 96.75 | 99.69 | 67.66 | 89.88 |
[644/1010] 	| 96.60 | 99.73 | 65.48 | 89.19 |
[645/1010] 	| 96.31 | 99.60 | 63.59 | 86.90 |
[646/1010] 	| 96.47 | 99.72 | 65.97 | 87.80 |
[647/1010] 	| 96.59 | 99.67 | 65.48 | 87.80 |
[648/1010] 	| 96.33 | 99.57 | 64.78 | 88.59 |
[649/1010] 	| 96.63 | 99.76 | 65.87 | 89.19 |
[650/1010] 	| 96.39 | 99.64 | 65.18 | 88.99 |
[651/1010] 	| 96.71 | 99.79 | 64.78 | 90.28 |
[652/1010] 	| 96.64 | 99.76 | 64.98 | 87.40 |
[653/1010] 	| 96.55 | 99.70 | 65.48 | 88.49 |
[654/1010] 	| 96.92 | 99.76 | 64.29 | 87.60 |
[655/1010] 	| 96.23 | 99.76 | 66.27 | 88.10 |
[656/1010] 	| 96.74 | 99.73 | 65.28 | 88.10 |
[657/1010] 	| 96.86 | 99.79 | 66.67 | 88.59 |
[658/1010] 	| 96.75 | 99.79 | 65.18 | 88.49 |
[659/1010] 	| 96.34 | 99.74 | 63.99 | 88.49 |
[660/1010] 	| 96.72 | 99.71 | 65.97 | 89.09 |
[661/1010] 	| 97.28 | 99.79 | 66.57 | 89.48 |
[662/1010] 	| 97.25 | 99.81 | 65.97 | 88.79 |
[663/1010] 	| 97.09 | 99.77 | 64.09 | 87.30 |
[664/1010] 	| 96.40 | 99.77 | 66.77 | 87.80 |
[665/1010] 	| 96.77 | 99.69 | 65.18 | 88.29 |
[666/1010] 	| 96.69 | 99.77 | 64.38 | 88.99 |
[667/1010] 	| 96.90 | 99.74 | 65.48 | 88.39 |
[668/1010] 	| 96.57 | 99.70 | 67.56 | 88.19 |
[669/1010] 	| 96.93 | 99.73 | 65.28 | 88.49 |
[670/1010] 	| 96.93 | 99.88 | 64.68 | 88.39 |
[671/1010] 	| 96.74 | 99.64 | 65.87 | 87.40 |
[672/1010] 	| 97.21 | 99.83 | 65.97 | 88.39 |
[673/1010] 	| 97.00 | 99.79 | 65.77 | 89.78 |
[674/1010] 	| 97.61 | 99.79 | 64.68 | 88.79 |
[675/1010] 	| 97.18 | 99.80 | 64.88 | 88.99 |
[676/1010] 	| 96.96 | 99.79 | 66.67 | 87.80 |
[677/1010] 	| 96.41 | 99.84 | 65.08 | 87.80 |
[678/1010] 	| 97.42 | 99.82 | 64.78 | 88.59 |
[679/1010] 	| 97.04 | 99.81 | 66.67 | 88.39 |
[680/1010] 	| 96.65 | 99.73 | 66.67 | 88.10 |
[681/1010] 	| 97.32 | 99.66 | 66.17 | 88.49 |
[682/1010] 	| 97.06 | 99.81 | 65.67 | 88.79 |
[683/1010] 	| 97.50 | 99.73 | 65.18 | 88.00 |
[684/1010] 	| 97.48 | 99.82 | 64.98 | 88.00 |
[685/1010] 	| 97.12 | 99.81 | 63.29 | 88.00 |
[686/1010] 	| 96.84 | 99.60 | 64.78 | 88.39 |
[687/1010] 	| 97.40 | 99.83 | 64.68 | 88.99 |
[688/1010] 	| 97.51 | 99.84 | 66.67 | 87.20 |
[689/1010] 	| 97.46 | 99.86 | 64.38 | 87.60 |
[690/1010] 	| 97.13 | 99.78 | 66.07 | 88.59 |
[691/1010] 	| 97.03 | 99.71 | 67.16 | 89.09 |
[692/1010] 	| 97.50 | 99.82 | 66.87 | 88.79 |
[693/1010] 	| 97.54 | 99.83 | 64.78 | 88.59 |
[694/1010] 	| 97.79 | 99.86 | 64.58 | 87.50 |
[695/1010] 	| 97.26 | 99.77 | 65.08 | 86.90 |
[696/1010] 	| 97.10 | 99.80 | 65.67 | 89.38 |
[697/1010] 	| 97.80 | 99.84 | 64.78 | 88.00 |
[698/1010] 	| 97.63 | 99.88 | 66.27 | 88.00 |
[699/1010] 	| 97.76 | 99.82 | 66.57 | 89.38 |
[700/1010] 	| 97.18 | 99.84 | 64.48 | 87.70 |
[701/1010] 	| 97.25 | 99.83 | 66.96 | 87.90 |
[702/1010] 	| 97.34 | 99.80 | 68.25 | 89.19 |
[703/1010] 	| 97.28 | 99.80 | 65.28 | 88.69 |
[704/1010] 	| 97.69 | 99.96 | 65.58 | 87.80 |
[705/1010] 	| 97.95 | 99.88 | 65.87 | 88.79 |
[706/1010] 	| 97.95 | 99.87 | 67.26 | 89.09 |
[707/1010] 	| 97.71 | 99.83 | 65.77 | 87.20 |
[708/1010] 	| 97.83 | 99.86 | 65.08 | 87.10 |
[709/1010] 	| 97.85 | 99.74 | 66.96 | 87.80 |
[710/1010] 	| 97.63 | 99.84 | 66.77 | 87.60 |
[711/1010] 	| 97.33 | 99.74 | 65.18 | 88.49 |
[712/1010] 	| 97.49 | 99.82 | 66.27 | 88.39 |
[713/1010] 	| 97.64 | 99.80 | 65.38 | 88.00 |
[714/1010] 	| 97.76 | 99.74 | 66.17 | 85.91 |
[715/1010] 	| 97.74 | 99.83 | 66.47 | 87.20 |
[716/1010] 	| 97.62 | 99.78 | 65.18 | 88.79 |
[717/1010] 	| 97.48 | 99.74 | 66.17 | 87.80 |
[718/1010] 	| 98.11 | 99.79 | 66.47 | 87.60 |
[719/1010] 	| 97.84 | 99.90 | 64.38 | 87.70 |
[720/1010] 	| 97.96 | 99.84 | 65.77 | 88.19 |
[721/1010] 	| 97.94 | 99.86 | 65.38 | 87.60 |
[722/1010] 	| 97.90 | 99.92 | 67.26 | 87.40 |
[723/1010] 	| 97.94 | 99.86 | 64.29 | 87.90 |
[724/1010] 	| 98.06 | 99.83 | 65.77 | 87.80 |
[725/1010] 	| 98.22 | 99.89 | 67.36 | 87.90 |
[726/1010] 	| 98.22 | 99.91 | 64.38 | 88.79 |
[727/1010] 	| 97.96 | 99.87 | 64.98 | 87.50 |
[728/1010] 	| 98.02 | 99.83 | 63.19 | 87.90 |
[729/1010] 	| 97.86 | 99.81 | 64.48 | 88.99 |
[730/1010] 	| 98.31 | 99.88 | 64.78 | 86.81 |
[731/1010] 	| 98.22 | 99.90 | 65.48 | 87.70 |
[732/1010] 	| 97.78 | 99.84 | 64.38 | 88.69 |
[733/1010] 	| 98.11 | 99.89 | 64.88 | 87.90 |
[734/1010] 	| 97.86 | 99.84 | 64.38 | 87.70 |
[735/1010] 	| 98.44 | 99.86 | 63.99 | 88.10 |
[736/1010] 	| 97.92 | 99.93 | 66.17 | 88.89 |
[737/1010] 	| 97.81 | 99.84 | 64.09 | 88.69 |
[738/1010] 	| 97.95 | 99.93 | 65.08 | 88.89 |
[739/1010] 	| 98.03 | 99.87 | 66.87 | 87.80 |
[740/1010] 	| 98.02 | 99.90 | 64.88 | 88.29 |
[741/1010] 	| 98.25 | 99.84 | 65.28 | 87.90 |
[742/1010] 	| 98.20 | 99.87 | 66.87 | 87.60 |
[743/1010] 	| 97.89 | 99.92 | 66.96 | 88.79 |
[744/1010] 	| 98.22 | 99.87 | 65.38 | 88.59 |
[745/1010] 	| 98.09 | 99.91 | 66.37 | 87.30 |
[746/1010] 	| 98.03 | 99.88 | 65.77 | 86.71 |
[747/1010] 	| 98.38 | 99.94 | 67.66 | 88.29 |
[748/1010] 	| 97.83 | 99.82 | 68.06 | 88.69 |
[749/1010] 	| 98.58 | 99.86 | 66.17 | 89.38 |
[750/1010] 	| 98.29 | 99.87 | 65.38 | 89.48 |
[751/1010] 	| 98.17 | 99.93 | 67.06 | 88.69 |
[752/1010] 	| 97.90 | 99.91 | 64.09 | 85.81 |
[753/1010] 	| 98.11 | 99.86 | 65.28 | 86.90 |
[754/1010] 	| 98.55 | 99.80 | 66.67 | 87.80 |
[755/1010] 	| 98.65 | 99.90 | 63.79 | 88.10 |
[756/1010] 	| 98.78 | 99.87 | 64.48 | 88.69 |
[757/1010] 	| 98.30 | 99.83 | 67.26 | 87.80 |
[758/1010] 	| 98.47 | 99.88 | 67.46 | 88.89 |
[759/1010] 	| 98.68 | 99.92 | 68.65 | 88.79 |
[760/1010] 	| 98.35 | 99.90 | 65.97 | 88.99 |
[761/1010] 	| 98.61 | 99.92 | 65.18 | 89.19 |
[762/1010] 	| 98.48 | 99.86 | 66.87 | 87.90 |
[763/1010] 	| 98.59 | 99.87 | 66.27 | 87.90 |
[764/1010] 	| 98.53 | 99.93 | 67.06 | 88.79 |
[765/1010] 	| 98.68 | 99.87 | 66.47 | 88.49 |
[766/1010] 	| 98.61 | 99.91 | 68.55 | 88.59 |
[767/1010] 	| 98.73 | 99.96 | 66.87 | 88.49 |
[768/1010] 	| 98.40 | 99.92 | 65.28 | 88.79 |
[769/1010] 	| 98.69 | 99.96 | 65.97 | 86.51 |
[770/1010] 	| 98.59 | 99.89 | 64.29 | 87.70 |
[771/1010] 	| 98.59 | 99.94 | 65.18 | 87.70 |
[772/1010] 	| 98.73 | 99.96 | 66.37 | 87.60 |
[773/1010] 	| 98.41 | 99.87 | 65.67 | 88.10 |
[774/1010] 	| 98.55 | 99.90 | 66.77 | 88.99 |
[775/1010] 	| 98.22 | 99.90 | 66.47 | 87.70 |
[776/1010] 	| 98.72 | 99.91 | 64.38 | 87.60 |
[777/1010] 	| 98.55 | 99.96 | 65.77 | 88.79 |
[778/1010] 	| 98.63 | 99.88 | 64.68 | 88.39 |
[779/1010] 	| 98.60 | 99.89 | 65.28 | 86.81 |
[780/1010] 	| 98.80 | 99.93 | 66.47 | 88.79 |
[781/1010] 	| 98.77 | 99.92 | 65.18 | 88.39 |
[782/1010] 	| 99.20 | 99.93 | 68.45 | 90.67 |
[783/1010] 	| 98.71 | 99.96 | 67.86 | 89.68 |
[784/1010] 	| 98.71 | 99.92 | 66.07 | 88.79 |
[785/1010] 	| 98.84 | 99.97 | 67.36 | 87.00 |
[786/1010] 	| 98.69 | 99.93 | 68.45 | 89.09 |
[787/1010] 	| 98.64 | 99.98 | 67.46 | 89.48 |
[788/1010] 	| 98.79 | 99.87 | 66.37 | 86.51 |
[789/1010] 	| 98.75 | 99.91 | 67.86 | 88.10 |
[790/1010] 	| 99.03 | 99.94 | 66.87 | 89.19 |
[791/1010] 	| 98.84 | 99.90 | 65.38 | 88.19 |
[792/1010] 	| 98.73 | 99.93 | 66.87 | 89.88 |
[793/1010] 	| 98.80 | 99.98 | 67.96 | 89.29 |
[794/1010] 	| 98.95 | 99.87 | 65.08 | 89.19 |
[795/1010] 	| 98.75 | 99.93 | 67.16 | 88.49 |
[796/1010] 	| 99.09 | 99.97 | 66.47 | 88.00 |
[797/1010] 	| 99.12 | 99.97 | 66.07 | 89.68 |
[798/1010] 	| 99.11 | 99.92 | 66.67 | 88.89 |
[799/1010] 	| 98.89 | 99.97 | 65.67 | 89.09 |
[800/1010] 	| 99.07 | 99.98 | 65.58 | 89.68 |
[801/1010] 	| 98.62 | 99.89 | 65.67 | 90.18 |
[802/1010] 	| 98.84 | 99.96 | 67.66 | 87.30 |
[803/1010] 	| 98.82 | 99.96 | 67.16 | 87.20 |
[804/1010] 	| 99.03 | 99.93 | 67.56 | 88.69 |
[805/1010] 	| 98.98 | 99.91 | 66.57 | 89.48 |
[806/1010] 	| 98.97 | 99.94 | 65.97 | 88.89 |
[807/1010] 	| 99.02 | 99.96 | 66.37 | 88.49 |
[808/1010] 	| 99.19 | 99.93 | 66.37 | 88.00 |
[809/1010] 	| 99.11 | 99.92 | 65.77 | 88.59 |
[810/1010] 	| 98.93 | 99.89 | 67.26 | 89.09 |
[811/1010] 	| 99.20 | 99.97 | 65.28 | 88.89 |
[812/1010] 	| 98.92 | 99.93 | 66.87 | 87.70 |
[813/1010] 	| 99.14 | 99.97 | 65.38 | 88.19 |
[814/1010] 	| 99.04 | 99.98 | 66.37 | 89.19 |
[815/1010] 	| 99.02 | 99.92 | 65.87 | 88.19 |
[816/1010] 	| 99.03 | 99.94 | 66.17 | 87.40 |
[817/1010] 	| 99.13 | 99.94 | 68.65 | 89.68 |
[818/1010] 	| 99.30 | 99.98 | 67.76 | 88.29 |
[819/1010] 	| 99.33 | 99.96 | 67.06 | 88.00 |
[820/1010] 	| 99.33 | 99.96 | 64.48 | 88.29 |
[821/1010] 	| 99.05 | 99.92 | 68.35 | 89.68 |
[822/1010] 	| 99.02 | 99.92 | 64.38 | 88.19 |
[823/1010] 	| 99.15 | 99.97 | 66.67 | 89.68 |
[824/1010] 	| 99.04 | 99.96 | 66.17 | 87.40 |
[825/1010] 	| 99.28 | 99.98 | 66.37 | 88.29 |
[826/1010] 	| 99.25 | 99.94 | 65.08 | 88.69 |
[827/1010] 	| 99.18 | 99.99 | 67.46 | 88.39 |
[828/1010] 	| 99.23 | 99.98 | 67.56 | 88.79 |
[829/1010] 	| 99.29 | 99.92 | 66.37 | 89.58 |
[830/1010] 	| 99.41 | 99.99 | 66.37 | 88.10 |
[831/1010] 	| 99.18 | 99.96 | 66.27 | 88.00 |
[832/1010] 	| 99.17 | 99.96 | 66.37 | 87.40 |
[833/1010] 	| 99.22 | 99.92 | 66.27 | 88.29 |
[834/1010] 	| 99.52 | 99.99 | 65.08 | 89.38 |
[835/1010] 	| 99.25 | 99.98 | 66.96 | 88.59 |
[836/1010] 	| 99.38 | 99.97 | 65.08 | 88.00 |
[837/1010] 	| 99.11 | 99.92 | 65.18 | 87.10 |
[838/1010] 	| 99.42 | 99.99 | 65.87 | 88.00 |
[839/1010] 	| 99.31 | 99.94 | 65.58 | 88.59 |
[840/1010] 	| 99.32 | 99.97 | 67.36 | 87.20 |
[841/1010] 	| 99.23 | 99.98 | 66.67 | 87.20 |
[842/1010] 	| 99.46 | 100.00 | 66.47 | 88.39 |
[843/1010] 	| 99.40 | 99.98 | 66.27 | 87.30 |
[844/1010] 	| 99.37 | 100.00 | 65.58 | 87.50 |
[845/1010] 	| 99.40 | 99.96 | 64.68 | 88.79 |
[846/1010] 	| 99.20 | 99.94 | 67.16 | 88.00 |
[847/1010] 	| 99.35 | 99.98 | 67.86 | 88.29 |
[848/1010] 	| 99.40 | 99.98 | 67.66 | 88.79 |
[849/1010] 	| 99.54 | 99.97 | 66.57 | 88.19 |
[850/1010] 	| 99.43 | 99.98 | 64.88 | 88.59 |
[851/1010] 	| 99.60 | 99.98 | 67.16 | 87.90 |
[852/1010] 	| 99.53 | 99.98 | 65.77 | 87.30 |
[853/1010] 	| 99.57 | 99.97 | 66.67 | 87.80 |
[854/1010] 	| 99.48 | 99.99 | 65.97 | 88.00 |
[855/1010] 	| 99.59 | 99.99 | 66.37 | 87.70 |
[856/1010] 	| 99.40 | 99.97 | 65.58 | 86.90 |
[857/1010] 	| 99.58 | 99.99 | 65.87 | 88.29 |
[858/1010] 	| 99.22 | 99.94 | 65.67 | 86.90 |
[859/1010] 	| 99.38 | 99.96 | 67.26 | 88.00 |
[860/1010] 	| 99.43 | 100.00 | 64.38 | 87.60 |
[861/1010] 	| 99.42 | 99.96 | 68.65 | 88.10 |
[862/1010] 	| 99.61 | 100.00 | 65.87 | 87.10 |
[863/1010] 	| 99.59 | 99.99 | 66.17 | 87.70 |
[864/1010] 	| 99.51 | 99.98 | 65.97 | 86.90 |
[865/1010] 	| 99.51 | 99.99 | 65.18 | 87.70 |
[866/1010] 	| 99.61 | 99.98 | 66.96 | 87.90 |
[867/1010] 	| 99.56 | 99.97 | 65.38 | 88.89 |
[868/1010] 	| 99.52 | 99.99 | 65.97 | 88.89 |
[869/1010] 	| 99.50 | 99.98 | 65.67 | 88.39 |
[870/1010] 	| 99.56 | 99.99 | 65.28 | 88.00 |
[871/1010] 	| 99.49 | 99.98 | 65.48 | 87.60 |
[872/1010] 	| 99.61 | 99.99 | 65.67 | 87.80 |
[873/1010] 	| 99.63 | 99.97 | 66.27 | 87.60 |
[874/1010] 	| 99.51 | 99.97 | 66.77 | 88.00 |
[875/1010] 	| 99.59 | 100.00 | 66.57 | 87.80 |
[876/1010] 	| 99.66 | 99.99 | 66.96 | 88.79 |
[877/1010] 	| 99.58 | 99.97 | 67.16 | 88.89 |
[878/1010] 	| 99.72 | 99.99 | 68.25 | 88.00 |
[879/1010] 	| 99.62 | 99.99 | 68.55 | 88.49 |
[880/1010] 	| 99.60 | 99.99 | 65.67 | 89.19 |
[881/1010] 	| 99.57 | 99.98 | 67.56 | 88.19 |
[882/1010] 	| 99.58 | 99.98 | 66.17 | 88.10 |
[883/1010] 	| 99.70 | 99.97 | 68.25 | 88.69 |
[884/1010] 	| 99.67 | 99.99 | 68.25 | 89.38 |
[885/1010] 	| 99.66 | 99.98 | 66.57 | 88.69 |
[886/1010] 	| 99.80 | 99.99 | 66.96 | 87.40 |
[887/1010] 	| 99.54 | 99.99 | 67.26 | 88.19 |
[888/1010] 	| 99.71 | 100.00 | 68.06 | 89.09 |
[889/1010] 	| 99.63 | 99.99 | 67.86 | 88.10 |
[890/1010] 	| 99.62 | 99.97 | 66.67 | 88.19 |
[891/1010] 	| 99.66 | 99.99 | 67.36 | 88.00 |
[892/1010] 	| 99.78 | 99.99 | 66.87 | 87.70 |
[893/1010] 	| 99.71 | 100.00 | 67.66 | 88.59 |
[894/1010] 	| 99.69 | 99.98 | 65.87 | 88.89 |
[895/1010] 	| 99.62 | 100.00 | 68.45 | 88.79 |
[896/1010] 	| 99.71 | 99.98 | 66.96 | 88.79 |
[897/1010] 	| 99.64 | 100.00 | 67.16 | 87.60 |
[898/1010] 	| 99.79 | 99.99 | 67.36 | 89.19 |
[899/1010] 	| 99.74 | 100.00 | 66.96 | 88.19 |
[900/1010] 	| 99.80 | 100.00 | 66.96 | 88.39 |
[901/1010] 	| 99.76 | 100.00 | 64.29 | 89.58 |
[902/1010] 	| 99.87 | 100.00 | 67.66 | 88.69 |
[903/1010] 	| 99.81 | 100.00 | 67.36 | 88.29 |
[904/1010] 	| 99.73 | 100.00 | 66.57 | 88.29 |
[905/1010] 	| 99.62 | 99.99 | 66.57 | 88.19 |
[906/1010] 	| 99.64 | 99.98 | 66.87 | 87.40 |
[907/1010] 	| 99.73 | 100.00 | 68.85 | 88.59 |
[908/1010] 	| 99.72 | 100.00 | 67.06 | 88.00 |
[909/1010] 	| 99.64 | 99.99 | 67.26 | 88.69 |
[910/1010] 	| 99.74 | 100.00 | 67.96 | 87.60 |
[911/1010] 	| 99.73 | 100.00 | 66.77 | 87.80 |
[912/1010] 	| 99.78 | 99.99 | 66.07 | 86.81 |
[913/1010] 	| 99.81 | 99.99 | 68.75 | 87.30 |
[914/1010] 	| 99.72 | 99.98 | 66.87 | 87.70 |
[915/1010] 	| 99.69 | 99.98 | 68.06 | 88.59 |
[916/1010] 	| 99.69 | 99.99 | 66.07 | 88.29 |
[917/1010] 	| 99.78 | 99.98 | 66.27 | 87.40 |
[918/1010] 	| 99.84 | 100.00 | 67.26 | 88.99 |
[919/1010] 	| 99.81 | 100.00 | 67.26 | 87.40 |
[920/1010] 	| 99.67 | 99.98 | 66.17 | 88.49 |
[921/1010] 	| 99.84 | 99.99 | 67.16 | 87.40 |
[922/1010] 	| 99.77 | 99.98 | 67.26 | 88.59 |
[923/1010] 	| 99.84 | 100.00 | 66.67 | 88.19 |
[924/1010] 	| 99.70 | 99.99 | 68.55 | 88.79 |
[925/1010] 	| 99.81 | 100.00 | 66.47 | 87.70 |
[926/1010] 	| 99.77 | 100.00 | 68.85 | 87.60 |
[927/1010] 	| 99.84 | 100.00 | 67.06 | 88.99 |
[928/1010] 	| 99.86 | 100.00 | 67.26 | 88.39 |
[929/1010] 	| 99.80 | 99.99 | 67.66 | 89.09 |
[930/1010] 	| 99.76 | 100.00 | 68.75 | 87.90 |
[931/1010] 	| 99.77 | 99.99 | 67.26 | 88.99 |
[932/1010] 	| 99.84 | 100.00 | 65.87 | 88.29 |
[933/1010] 	| 99.88 | 99.99 | 68.15 | 87.90 |
[934/1010] 	| 99.78 | 100.00 | 68.55 | 87.60 |
[935/1010] 	| 99.81 | 100.00 | 68.75 | 88.59 |
[936/1010] 	| 99.76 | 100.00 | 67.76 | 88.39 |
[937/1010] 	| 99.78 | 99.98 | 67.36 | 88.69 |
[938/1010] 	| 99.91 | 100.00 | 69.25 | 88.69 |
[939/1010] 	| 99.72 | 99.99 | 67.36 | 88.19 |
[940/1010] 	| 99.83 | 99.99 | 67.26 | 86.01 |
[941/1010] 	| 99.82 | 100.00 | 66.67 | 88.10 |
[942/1010] 	| 99.80 | 100.00 | 66.87 | 87.80 |
[943/1010] 	| 99.88 | 100.00 | 66.87 | 88.89 |
[944/1010] 	| 99.82 | 100.00 | 66.96 | 87.90 |
[945/1010] 	| 99.84 | 99.99 | 66.67 | 87.40 |
[946/1010] 	| 99.80 | 99.99 | 67.46 | 89.29 |
[947/1010] 	| 99.88 | 99.99 | 68.06 | 88.39 |
[948/1010] 	| 99.86 | 100.00 | 67.26 | 88.79 |
[949/1010] 	| 99.82 | 100.00 | 69.05 | 89.68 |
[950/1010] 	| 99.88 | 100.00 | 67.16 | 87.70 |
[951/1010] 	| 99.84 | 100.00 | 68.15 | 90.38 |
[952/1010] 	| 99.86 | 100.00 | 67.66 | 88.19 |
[953/1010] 	| 99.84 | 100.00 | 66.87 | 88.59 |
[954/1010] 	| 99.79 | 99.99 | 66.27 | 88.49 |
[955/1010] 	| 99.91 | 100.00 | 67.96 | 90.08 |
[956/1010] 	| 99.89 | 100.00 | 66.77 | 88.89 |
[957/1010] 	| 99.79 | 100.00 | 66.07 | 88.00 |
[958/1010] 	| 99.84 | 100.00 | 68.25 | 89.88 |
[959/1010] 	| 99.78 | 99.99 | 68.25 | 88.79 |
[960/1010] 	| 99.90 | 100.00 | 67.96 | 88.59 |
[961/1010] 	| 99.88 | 100.00 | 68.06 | 88.49 |
[962/1010] 	| 99.83 | 100.00 | 67.36 | 87.40 |
[963/1010] 	| 99.88 | 99.99 | 68.15 | 87.90 |
[964/1010] 	| 99.86 | 100.00 | 68.45 | 89.29 |
[965/1010] 	| 99.89 | 100.00 | 68.35 | 89.29 |
[966/1010] 	| 99.86 | 100.00 | 68.85 | 90.18 |
[967/1010] 	| 99.88 | 100.00 | 66.17 | 88.79 |
[968/1010] 	| 99.86 | 100.00 | 68.25 | 88.49 |
[969/1010] 	| 99.82 | 99.99 | 66.17 | 88.79 |
[970/1010] 	| 99.90 | 100.00 | 68.06 | 88.19 |
[971/1010] 	| 99.86 | 99.98 | 68.15 | 89.09 |
[972/1010] 	| 99.88 | 99.99 | 68.45 | 89.68 |
[973/1010] 	| 99.86 | 100.00 | 67.96 | 89.38 |
[974/1010] 	| 99.90 | 100.00 | 66.77 | 88.59 |
[975/1010] 	| 99.84 | 99.99 | 69.15 | 88.19 |
[976/1010] 	| 99.87 | 100.00 | 68.65 | 89.58 |
[977/1010] 	| 99.83 | 100.00 | 67.96 | 88.99 |
[978/1010] 	| 99.82 | 99.98 | 68.25 | 88.59 |
[979/1010] 	| 99.82 | 100.00 | 68.06 | 89.19 |
[980/1010] 	| 99.88 | 100.00 | 67.86 | 90.08 |
[981/1010] 	| 99.97 | 99.98 | 66.87 | 88.00 |
[982/1010] 	| 99.84 | 100.00 | 67.76 | 88.99 |
[983/1010] 	| 99.87 | 100.00 | 66.47 | 88.79 |
[984/1010] 	| 99.91 | 100.00 | 67.56 | 88.69 |
[985/1010] 	| 99.89 | 99.99 | 65.97 | 87.90 |
[986/1010] 	| 99.84 | 100.00 | 67.76 | 89.19 |
[987/1010] 	| 99.90 | 99.99 | 67.46 | 89.09 |
[988/1010] 	| 99.88 | 100.00 | 69.15 | 88.39 |
[989/1010] 	| 99.92 | 100.00 | 67.86 | 88.39 |
[990/1010] 	| 99.90 | 99.99 | 68.06 | 88.49 |
[991/1010] 	| 99.90 | 100.00 | 68.35 | 89.19 |
[992/1010] 	| 99.89 | 100.00 | 67.66 | 88.59 |
[993/1010] 	| 99.89 | 100.00 | 66.17 | 89.09 |
[994/1010] 	| 99.92 | 99.99 | 67.96 | 88.19 |
[995/1010] 	| 99.87 | 100.00 | 67.56 | 88.49 |
[996/1010] 	| 99.84 | 100.00 | 66.96 | 89.19 |
[997/1010] 	| 99.87 | 100.00 | 68.06 | 89.48 |
[998/1010] 	| 99.97 | 100.00 | 67.86 | 88.59 |
[999/1010] 	| 99.86 | 99.99 | 68.15 | 88.99 |
[1000/1010] 	| 99.88 | 99.99 | 67.86 | 89.38 |
[1001/1010] 	| 99.94 | 100.00 | 67.16 | 88.59 |
[1002/1010] 	| 99.88 | 100.00 | 68.25 | 89.09 |
[1003/1010] 	| 99.89 | 99.99 | 68.25 | 89.88 |
[1004/1010] 	| 99.90 | 100.00 | 68.95 | 89.38 |
[1005/1010] 	| 99.89 | 100.00 | 67.46 | 88.89 |
[1006/1010] 	| 99.89 | 99.99 | 67.86 | 88.19 |
[1007/1010] 	| 99.90 | 100.00 | 66.96 | 89.48 |
[1008/1010] 	| 99.89 | 99.99 | 68.55 | 88.39 |
[1009/1010] 	| 99.89 | 100.00 | 68.35 | 88.39 |
[1010/1010] 	| 99.88 | 100.00 | 68.25 | 89.48 |
